321.740257 270.769066 1 6
147.816444 107.025790 1 10
31.752393 457.288270 1 14
128.453640 216.888145 1 39
7.649584 195.823285 1 108
14.906455 242.018419 1 121
64.657504 222.570664 1 125
12.814118 272.522942 1 127
2.812283 260.217459 1 130
7.065019 296.704159 1 134
26.548448 231.208765 1 138
38.185426 225.340665 1 139
33.166224 237.332972 1 144
80.120009 282.054100 1 148
30.344879 202.908729 1 150
0.549160 250.896458 1 156
494.126396 64.181448 2 24
357.650542 183.621113 2 26
476.347227 284.714585 2 30
157.483415 86.375248 2 53
27.576215 440.123550 2 57
8.784978 236.796343 2 59
191.479072 106.023013 2 60
143.278755 221.590727 2 70
27.621464 266.495795 2 75
2.798803 106.626254 2 77
24.967135 270.758115 2 84
0.691550 235.518344 2 85
13.504176 414.642755 2 91
56.171862 327.747247 2 95
39.590023 228.190578 2 98
201.769984 339.951851 2 101
128.180043 229.194358 2 102
101.735835 195.560953 2 103
66.660166 237.140505 2 105
125.796969 229.753787 2 106
157.091669 230.818094 2 107
332.301958 188.475496 2 108
194.397229 240.511263 2 109
88.275767 161.717404 2 111
8.975034 202.288954 2 112
89.771693 219.162422 2 114
83.294471 240.215294 2 115
146.843923 187.871796 2 117
44.000600 213.175921 2 118
169.179381 265.168087 2 119
196.721830 261.789986 2 120
246.260369 242.101548 2 121
76.353880 182.822504 2 122
152.281949 230.808290 2 123
154.386639 236.172720 2 124
252.654128 222.296573 2 125
164.626426 275.134455 2 126
242.838790 273.755975 2 127
198.244129 255.264168 2 128
150.802506 265.329761 2 129
242.367953 261.114408 2 130
111.446367 245.737677 2 131
151.589618 266.599504 2 132
179.474637 249.922563 2 133
249.359884 299.600919 2 134
173.383338 286.817130 2 135
148.309983 214.284413 2 136
164.055773 213.051178 2 137
235.448517 231.049382 2 138
232.826054 225.243567 2 139
205.655239 189.153476 2 140
188.832565 215.724916 2 141
197.052071 277.503251 2 142
174.136324 200.440524 2 143
221.449141 237.347851 2 144
164.150128 341.795290 2 145
44.645383 221.099458 2 146
190.791203 227.450251 2 147
254.985904 282.416049 2 148
183.992302 311.973714 2 149
220.041618 203.117393 2 150
101.898559 243.933702 2 151
148.374088 258.367089 2 152
159.038251 228.374301 2 153
92.132741 217.241012 2 154
195.959446 250.688941 2 156
18.532160 297.583674 2 157
134.487270 251.628603 2 158
165.990818 252.704570 2 159
106.915652 313.924545 2 160
106.212981 176.164737 2 161
114.918943 258.195029 2 162
11.243011 207.924136 2 163
91.505335 246.878653 2 164
86.467196 213.755941 2 165
107.148460 243.349781 2 166
36.999817 269.751788 2 167
28.973424 253.571197 2 168
10.673651 232.731555 2 169
114.717260 189.495355 2 170
83.756026 235.340265 2 171
135.845171 248.568434 2 172
20.445371 214.568887 2 173
170.238422 201.326938 2 174
92.144219 305.873122 2 176
103.905820 220.580753 2 177
4.669778 325.123098 2 178
20.864346 234.751865 2 185
108.432663 215.794580 2 187
41.686033 292.112150 2 188
105.110839 246.462178 2 189
120.538643 294.320926 2 190
14.683883 246.981870 2 193
96.221069 270.226658 2 195
18.517734 206.317053 2 197
474.416560 278.199278 3 50
365.581488 220.929593 3 55
130.738837 92.176019 3 58
579.442782 195.052837 4 61
26.267423 281.718968 4 62
73.421456 317.101919 4 63
261.206654 61.081496 4 66
188.138040 219.467135 4 67
435.115459 429.304626 4 69
94.632333 132.155967 4 74
486.289475 330.362137 4 76
507.593658 292.518330 4 83
399.062840 238.559864 4 89
202.718897 261.727567 4 96
589.218176 238.853693 4 184
630.733538 51.417318 4 191
245.820959 332.658109 5 76
397.343768 244.165951 5 81
98.605254 300.425625 5 83
347.071836 109.797965 5 87
298.595610 416.069562 5 92
574.142849 452.743193 5 97
558.700062 342.720801 5 116
615.518649 132.435070 5 163
601.298270 219.516771 5 169
601.929021 186.122095 5 173
503.576229 246.358919 5 175
584.345077 466.455678 5 178
459.321858 274.899727 5 179
503.342992 218.758861 5 180
502.299646 231.983942 5 181
438.421256 149.492113 5 182
538.470874 197.827302 5 183
408.622644 238.983173 5 184
618.461490 226.294523 5 185
445.091907 257.814600 5 186
402.208961 71.687876 5 191
558.879180 176.950402 5 192
590.695223 254.500120 5 193
416.809620 144.128161 5 194
513.546487 104.209969 5 196
629.216402 134.325724 5 197
517.916760 317.355751 5 198
460.727378 155.484954 5 199
440.475510 270.134955 5 200
45.457793 356.252676 6 75
59.591312 310.818852 6 76
92.325674 242.382029 6 81
96.083600 359.579534 6 84
39.337360 169.236676 6 87
30.557881 344.964803 6 92
277.084540 374.993246 6 97
169.557816 194.999547 6 98
531.462822 190.485793 6 106
75.575611 91.634205 6 110
77.499015 106.907615 6 112
176.029038 78.723345 6 114
216.451305 241.323354 6 115
221.218827 299.810401 6 116
355.523643 43.645321 6 122
350.285833 196.439781 6 146
397.790980 259.190676 6 151
408.697304 157.985801 6 154
88.201550 7.041760 6 155
150.954746 428.343091 6 157
584.074574 277.207793 6 158
482.765992 477.843661 6 160
514.020828 96.086855 6 161
535.342804 281.800753 6 162
295.996253 173.579078 6 163
366.256195 270.068200 6 164
424.085729 163.033061 6 165
468.872860 252.227583 6 166
337.239947 306.726938 6 167
322.193727 269.831756 6 168
324.067645 226.431764 6 169
536.064358 126.455410 6 170
450.292174 229.039544 6 171
585.083503 293.187342 6 172
386.673770 200.514267 6 173
330.147010 244.976538 6 175
458.378678 413.517509 6 176
467.562943 175.387544 6 177
321.436052 393.175372 6 178
259.779104 266.045811 6 179
280.977171 224.758269 6 180
328.120316 233.734307 6 181
285.188850 166.252321 6 182
296.305567 210.664911 6 183
269.624021 239.145458 6 184
356.981515 230.646529 6 185
291.117044 254.485237 6 186
510.883908 178.860636 6 187
353.284429 354.937746 6 188
506.763048 255.353690 6 189
533.057086 414.019138 6 190
221.514911 109.696395 6 191
357.634319 192.868610 6 192
379.533211 250.686880 6 193
222.157221 167.890842 6 194
460.239866 326.372658 6 195
342.907775 133.270207 6 196
323.575072 172.837393 6 197
320.853654 298.139737 6 198
275.354238 175.202462 6 199
242.811114 262.551211 6 200
129.165869 291.096757 7 76
105.868493 241.677770 7 81
4.742390 261.122381 7 83
38.023041 316.621710 7 84
70.439034 193.035583 7 87
76.212873 310.104963 7 92
260.516564 359.311983 7 97
80.004591 208.911888 7 98
22.823722 427.452179 7 104
310.989621 191.139859 7 106
409.452771 168.074858 7 107
98.848409 136.836784 7 110
42.606982 154.468816 7 112
11.228715 240.835029 7 115
196.511638 288.528056 7 116
234.796368 68.550507 7 122
639.558148 193.390663 7 123
599.591514 372.079379 7 129
569.449514 29.522710 7 137
311.918797 198.658075 7 146
179.798346 255.847898 7 151
514.389973 342.421539 7 152
274.292248 164.283518 7 154
85.023929 80.637907 7 155
93.159625 371.981896 7 157
559.603659 286.870789 7 158
356.319056 378.504690 7 159
551.135529 62.817478 7 161
586.350185 293.240104 7 162
272.812713 180.252641 7 163
184.696566 264.808232 7 164
345.039269 163.185451 7 165
337.122033 252.225541 7 166
302.575193 302.530883 7 167
290.065901 267.495592 7 168
317.777676 227.116463 7 169
594.582842 94.387788 7 170
434.738026 227.995937 7 171
261.171677 290.342197 7 172
424.343247 197.766470 7 173
373.003529 245.004446 7 175
417.695723 427.359982 7 176
363.976049 173.641977 7 177
320.232735 385.736058 7 178
281.772559 263.477244 7 179
292.848167 226.033507 7 180
370.115912 233.719872 7 181
333.497765 169.414195 7 182
300.661195 212.805372 7 183
326.162022 239.190944 7 184
363.463263 230.628552 7 185
339.485255 253.967123 7 186
511.739293 167.267631 7 187
323.226539 350.452114 7 188
522.762133 258.422822 7 189
469.825535 440.476854 7 190
254.827717 126.897804 7 191
392.324002 191.412844 7 192
416.502202 251.328735 7 193
248.328853 177.856227 7 194
398.288815 331.589411 7 195
390.444717 130.522934 7 196
307.189484 176.938421 7 197
349.058364 296.969677 7 198
304.786400 179.935864 7 199
266.117615 259.910381 7 200
70.611161 216.348857 8 22
50.332365 281.996820 8 25
31.901393 202.518742 8 28
5.127724 225.006283 8 36
11.189486 213.445251 8 38
22.474029 234.036063 8 41
123.586315 182.866045 8 42
52.048144 312.080418 8 43
40.856988 200.177009 8 44
15.541351 244.828506 8 45
257.925867 248.642449 8 46
72.385452 211.183939 8 47
153.798723 216.874837 8 48
131.059343 275.593613 8 49
197.189886 248.544093 8 50
166.584686 290.815009 8 51
110.621152 253.164649 8 52
193.608503 191.248069 8 54
154.970799 237.125273 8 55
6.565253 290.679324 8 56
143.634832 207.649530 8 58
63.282463 238.303054 8 59
276.692459 233.965798 8 61
278.718596 247.738921 8 62
287.072133 256.149300 8 63
233.338652 196.448660 8 64
214.648001 252.987551 8 65
287.512857 205.939330 8 66
372.829980 230.233153 8 67
207.866501 316.084641 8 68
278.607893 268.205865 8 69
299.761755 133.535395 8 71
261.161386 214.352864 8 72
203.236920 199.284816 8 73
285.240063 218.362124 8 74
256.327634 289.242991 8 75
435.052901 292.777701 8 76
255.748373 35.401746 8 77
240.179803 356.662340 8 78
101.037659 281.905252 8 79
178.280174 144.300112 8 80
369.092432 241.590942 8 81
189.593372 304.095046 8 82
334.367805 255.693228 8 83
276.201032 299.769731 8 84
218.708917 234.096974 8 85
180.118898 267.534170 8 86
347.127925 199.512368 8 87
308.812052 98.384315 8 88
312.465513 239.639172 8 89
221.666399 132.892021 8 90
360.821137 301.578498 8 92
183.287080 260.724956 8 93
155.564020 215.690707 8 94
123.077107 355.452570 8 95
299.663701 245.118927 8 96
538.526562 439.476592 8 97
284.436441 213.210573 8 98
209.789679 211.088867 8 99
271.708256 278.383147 8 100
26.713167 213.294301 8 102
116.575855 126.751364 8 103
297.144028 382.627672 8 104
145.575119 235.124278 8 105
210.152490 147.557148 8 106
368.781969 143.922070 8 110
54.395201 150.933925 8 111
290.526715 172.240371 8 112
282.840090 295.899776 8 113
166.912445 183.934820 8 114
196.382495 240.596789 8 115
432.947415 301.405637 8 116
139.081364 205.692971 8 118
36.531627 248.614820 8 131
604.780590 149.415518 8 146
227.901198 257.605354 8 151
361.164554 113.660507 8 154
339.712350 98.108777 8 155
312.210931 358.683257 8 157
550.569844 134.134372 8 163
263.597492 268.377916 8 164
574.602713 36.478811 8 165
412.421494 269.075129 8 166
590.949608 369.738951 8 167
568.608544 293.155105 8 168
81.971362 311.209041 8 172
535.015479 41.376845 8 177
608.272894 50.984767 8 191
582.313970 139.765091 8 194
618.341572 275.036256 8 200
591.883922 65.907428 9 143
361.262630 323.721077 9 162
343.987535 22.541832 9 170
512.019015 41.705195 9 187
418.964422 283.539012 9 189
549.147603 322.643797 10 162
517.082656 25.116663 10 170
222.651277 51.685859 10 173
195.130910 296.266567 10 193