3.578397 0.293871 1.093266 1 1
2.769437 -0.787283 1.109273 1 2
2.046724 -0.804466 0.806033 1 3
3.913033 0.022890 0.711272 1 4
0.536410 -0.831367 2.660523 1 5
1.962567 -1.029768 3.110995 1 6
2.546628 0.515246 1.062910 1 7
2.768196 -0.941486 1.783606 1 8
3.034514 -0.192240 1.520007 1 9
2.132728 -0.249025 2.749986 1 10
2.943778 -1.664164 2.604634 1 11
2.360371 -0.590035 2.360251 1 12
1.981044 -0.278064 3.260301 1 13
2.192502 0.422716 2.939840 1 14
2.108398 0.066190 3.202152 1 15
2.436438 -0.650908 2.871767 1 16
2.924053 0.137025 2.676967 1 17
3.189541 -0.291863 3.260297 1 18
3.370295 0.301819 2.239516 1 19
3.410451 -0.629091 3.393516 1 20
2.890185 0.959401 3.509362 1 21
2.781215 0.940704 4.143812 1 22
2.730934 -0.875874 4.276626 1 23
2.928385 0.319949 3.490500 1 24
3.336849 0.545540 5.326451 1 25
3.453805 0.397467 3.716777 1 26
5.322082 -0.425058 4.459721 1 27
4.044135 -0.062791 3.144517 1 28
4.117730 -0.982132 4.316475 1 29
3.919432 0.249518 4.277156 1 30
3.888280 0.183703 4.922032 1 31
5.066933 0.112945 4.086857 1 32
3.822142 0.439952 4.055580 1 33
4.347779 0.101662 6.247269 1 34
5.749942 -0.218534 4.336601 1 35
5.422435 -0.413972 4.936223 1 36
4.309598 -0.360076 5.042342 1 37
5.506158 0.047471 5.386762 1 38
5.666292 0.155388 4.920976 1 39
5.493351 0.317408 5.693222 1 40
4.977256 0.425485 5.313354 1 41
5.022271 1.224688 5.812192 1 42
5.944993 -0.043584 5.022899 1 43
5.591822 0.347593 6.763371 1 44
5.833564 -0.037533 5.191473 1 45
7.551971 -0.757792 7.436151 1 46
5.845490 -0.409328 6.217690 1 47
6.684560 0.310508 5.967049 1 48
6.444851 -0.571773 6.450834 1 49
6.378592 -0.250032 6.430889 1 50
7.067966 -0.700620 6.203398 1 51
7.585968 0.541139 6.122791 1 52
7.030644 0.383024 6.134330 1 53
6.848649 0.270378 7.172181 1 54
6.933788 0.477227 7.073533 1 55
8.419674 -1.122312 7.292157 1 56
7.661455 -0.270965 6.585779 1 57
7.440781 -0.462422 7.876422 1 58
7.633041 0.610305 7.444358 1 59
7.974064 1.798494 9.211904 1 60
7.639796 -0.320196 8.067790 1 61
7.657971 0.490159 8.391731 1 62
8.063275 0.308299 9.063766 1 63
9.060958 -0.938247 7.706196 1 64
8.872972 0.609846 7.639878 1 65
8.936948 -0.777844 8.593179 1 66
9.226860 -0.317628 8.506065 1 67
8.830903 1.768992 9.893762 1 68
8.043427 0.164010 8.951098 1 69
11.566879 1.152166 8.221199 1 70
8.639106 0.138318 8.610167 1 71
8.190461 -0.364993 8.834441 1 72
8.367939 -0.848110 9.530408 1 73
11.081063 0.078189 8.822499 1 74
9.845222 1.166475 9.951621 1 75
10.838379 -0.899869 8.896619 1 76
11.295271 0.634745 10.139740 1 77
9.572696 -0.041663 10.354588 1 78
9.398241 0.205305 9.775602 1 79
9.598316 0.017344 9.327068 1 80
10.238533 -0.536822 9.838404 1 81
9.239114 -0.497688 10.100737 1 82
9.272638 -0.687829 10.578378 1 83
9.990882 0.331881 9.875269 1 84
9.529410 -0.482231 9.268878 1 85
10.008528 0.647448 9.792930 1 86
10.910054 -1.034425 11.020252 1 87
11.392135 1.689399 10.590766 1 88
10.984752 0.696367 11.391405 1 89
10.210479 -0.038824 10.925387 1 90
10.337652 0.088089 11.445701 1 91
12.338080 -0.252772 10.408710 1 92
10.774037 -0.300536 11.080623 1 93
11.117059 1.337289 12.337639 1 94
10.856328 0.163036 11.059399 1 95
12.042317 0.809881 11.166149 1 96
11.989905 0.716343 12.235614 1 97
11.675366 -0.050531 11.952022 1 98
11.653292 -0.257358 11.602796 1 99
11.798909 0.404325 13.567716 1 100
12.312475 -0.793853 12.974460 1 101
12.383053 -0.283830 11.776948 1 102
11.800341 0.054250 12.352586 1 103
12.669541 -0.859521 12.625361 1 104
11.950028 -1.413001 14.060444 1 105
12.337759 -0.515986 14.283629 1 106
13.288152 0.136741 13.701964 1 107
14.249359 -0.883349 12.990175 1 108
12.970888 -0.368728 13.147060 1 109
13.530797 -0.282475 12.581588 1 110
13.327577 -1.168351 13.734360 1 111
13.159243 0.327559 13.357113 1 112
14.237917 -0.888909 13.051683 1 113
14.800422 -0.959285 13.477440 1 114
14.258191 0.441057 13.900484 1 115
14.018975 -0.204764 14.159865 1 116
13.588321 -0.221145 13.560167 1 117
13.739722 -0.261972 14.656115 1 118
13.174241 1.043689 14.733247 1 119
15.980282 0.353453 14.842794 1 120
13.690122 0.077669 14.561802 1 121
14.362547 0.289719 13.736642 1 122
14.937430 -0.559061 14.163538 1 123
13.684110 0.544660 14.733870 1 124
15.386556 -0.137906 13.720119 1 125
16.818818 1.561037 14.959214 1 126
14.504331 -0.242345 16.557173 1 127
16.385978 0.213484 15.526499 1 128
14.623169 0.276011 15.744742 1 129
15.858743 0.459797 15.758614 1 130
15.193886 0.521407 15.838226 1 131
14.734446 -0.253126 15.659225 1 132
15.271204 0.602929 16.078988 1 133
16.492149 -0.950911 17.030631 1 134
16.685584 -0.910732 16.957735 1 135
16.398361 -0.161949 15.673026 1 136
15.992387 -0.390243 16.706240 1 137
15.789721 0.664282 16.320367 1 138
16.191056 -0.702264 16.721493 1 139
16.819491 0.540314 15.757691 1 140
16.448728 -0.688841 15.903587 1 141
17.010228 0.606733 16.630541 1 142
16.982342 1.634499 17.935549 1 143
17.685441 -0.944279 16.718886 1 144
17.429518 -0.671211 16.451867 1 145
16.481133 -0.778421 17.114008 1 146
17.948556 0.000747 17.103390 1 147
18.606643 -2.341905 18.575767 1 148
18.212869 1.406315 18.895168 1 149
19.013561 0.082831 18.311636 1 150
18.182022 -1.546003 18.342983 1 151
18.031768 -0.707513 17.241961 1 152
17.611439 -0.363809 17.682521 1 153
17.531712 -0.173993 18.595526 1 154
17.780041 -1.359428 18.317991 1 155
18.893723 0.082604 18.465539 1 156
18.259781 -1.069961 19.832340 1 157
18.775705 -0.887043 17.912562 1 158
19.128125 0.741377 19.862935 1 159
18.682558 0.378179 18.657427 1 160
19.083564 1.037492 18.771320 1 161
19.376247 -0.577110 18.440131 1 162
19.248289 0.852970 19.269982 1 163
18.921608 0.302320 19.062272 1 164
19.647037 0.415776 18.353183 1 165
19.441557 -0.821128 19.989374 1 166
20.092011 0.869553 20.536403 1 167
19.547851 -0.610385 19.059983 1 168
20.300064 -1.616317 19.367187 1 169
19.123886 -0.666164 21.769059 1 170
20.036614 -1.041058 19.805780 1 171
20.100423 0.680585 20.133912 1 172
19.904381 0.437824 20.290855 1 173
20.835392 -0.341533 19.915566 1 174
19.721558 -0.374535 20.757106 1 175
20.352156 -0.938732 20.637448 1 176
20.419421 0.474509 21.478437 1 177
20.613323 -0.091861 21.681061 1 178
21.061197 0.349156 20.996290 1 179
20.732163 -0.327239 21.224026 1 180
21.347223 0.330885 21.215682 1 181
21.296985 -0.946451 21.359822 1 182
20.875723 -0.438499 22.313317 1 183
21.586009 -0.058403 22.400674 1 184
21.527143 0.438645 20.610180 1 185
22.193233 0.437518 21.574293 1 186
22.421986 -0.197264 21.799665 1 187
21.145574 0.397740 22.866287 1 188
21.769476 0.454343 21.976570 1 189
22.058534 0.458167 23.143725 1 190
22.018178 -0.943728 23.430040 1 191
22.403307 0.235527 21.756315 1 192
23.968370 -0.139831 22.137108 1 193
22.840285 -0.072599 21.885168 1 194
21.851266 -0.081664 23.417277 1 195
22.209213 0.292614 23.069992 1 196
23.794833 -1.187609 23.197656 1 197
23.238832 0.029632 23.029939 1 198
23.714145 0.322613 22.850652 1 199
23.218960 -0.008758 24.027601 1 200
24.536853 0.637024 22.717451 1 201
24.523186 0.074894 23.372014 1 202
23.777222 0.768495 23.817459 1 203
23.210596 0.290043 25.277962 1 204
25.425709 0.475274 23.078528 1 205
23.305638 -1.447319 25.078582 1 206
25.187378 -0.872282 23.171099 1 207
25.311240 -0.169878 25.671361 1 208
24.149938 -0.472331 24.172307 1 209
25.637405 0.668209 24.641171 1 210
23.635979 -0.332087 25.016648 1 211
24.875789 1.447026 25.535270 1 212
24.899014 -0.819308 26.657343 1 213
24.735665 -1.046181 25.364629 1 214
24.939468 1.305034 25.519897 1 215
25.300237 0.008709 24.708616 1 216
24.203213 0.204267 27.049581 1 217
25.795921 0.042010 24.963373 1 218
26.736134 0.424981 25.025115 1 219
26.673500 -0.323334 26.043703 1 220
26.626469 -0.093783 26.341995 1 221
26.059663 -0.269838 25.277173 1 222
26.889898 0.985513 25.431429 1 223
25.880266 0.055986 26.303378 1 224
26.480298 0.002672 25.848070 1 225
26.285267 -0.459537 26.594426 1 226
26.280366 0.245181 27.749329 1 227
27.075357 0.338579 26.876727 1 228
26.008875 1.007707 26.683802 1 229
27.898597 0.641087 27.422666 1 230
27.693550 0.056473 26.838822 1 231
27.797004 -0.107919 26.770029 1 232
26.683290 0.295338 28.412597 1 233
28.411613 -0.011846 27.491158 1 234
27.998461 0.251290 27.299478 1 235
27.783984 -0.178504 27.818253 1 236
28.153668 -0.394370 26.992370 1 237
27.307604 -0.269739 28.527632 1 238
27.492168 -1.071751 28.574700 1 239
28.760156 0.326987 28.279182 1 240
28.376749 0.752991 27.798969 1 241
27.839096 -0.407867 28.921084 1 242
28.437133 0.700694 27.945577 1 243
28.818423 0.101148 28.685948 1 244
28.015586 -0.576692 29.697054 1 245
28.629765 -0.061528 27.664884 1 246
28.790108 0.405789 28.645702 1 247
28.503642 -0.024680 29.817297 1 248
28.844653 0.199936 29.313706 1 249
29.842038 0.107416 29.933974 1 250
29.394803 -0.693229 28.805254 1 251
29.599096 1.046823 31.110930 1 252
28.802498 0.676211 29.789450 1 253
29.767966 0.749989 29.763008 1 254
29.119558 0.618773 29.513219 1 255
30.069663 -0.755970 29.058228 1 256
31.368790 0.121199 29.501175 1 257
29.252584 -0.399849 29.925057 1 258
30.365375 0.922150 30.294033 1 259
30.135476 0.856706 29.800820 1 260
30.498883 -0.411711 29.522865 1 261
30.262739 -0.868023 30.585680 1 262
30.540281 -0.856613 31.383469 1 263
31.514647 -1.133447 30.527699 1 264
30.727353 0.215291 30.287877 1 265
31.148038 -0.876490 30.561357 1 266
30.542610 -0.112418 31.000075 1 267
31.891125 -0.518509 31.482619 1 268
31.499268 1.620737 33.306469 1 269
33.104842 1.509186 30.855368 1 270
32.807682 1.494589 31.005818 1 271
31.390852 -1.072464 31.987994 1 272
32.025681 0.379684 31.584442 1 273
32.460458 -0.196794 31.265600 1 274
32.768964 -0.888311 33.219025 1 275
31.713752 -0.757645 32.891362 1 276
32.203622 0.661162 31.315473 1 277
32.435533 0.037283 32.671513 1 278
33.410983 0.053115 33.354846 1 279
32.444536 -0.133235 32.250766 1 280
33.411877 -0.209902 32.778773 1 281
34.185509 -1.588159 32.756964 1 282
33.159388 0.616855 32.688679 1 283
33.225152 -0.111176 33.781272 1 284
32.855010 -0.896081 33.157640 1 285
34.298586 0.776679 34.854630 1 286
33.845880 0.322515 32.985401 1 287
33.424615 -0.478969 34.471452 1 288
33.769486 -0.519101 34.149799 1 289
34.072040 -0.648814 33.874953 1 290
34.679882 0.458578 34.385106 1 291
34.222578 -0.001187 34.868456 1 292
33.948786 -0.054304 35.184658 1 293
33.897489 0.434228 34.494219 1 294
34.596571 -0.367212 33.672812 1 295
34.808714 0.403825 34.927069 1 296
36.185894 0.919677 35.764650 1 297
35.215927 -1.265308 36.986230 1 298
36.585308 -0.143812 34.755047 1 299
34.751265 0.391235 35.562991 1 300
35.497954 -0.450549 35.498599 1 301
34.939547 -0.226838 36.185113 1 302
35.125665 0.686437 35.563452 1 303
34.787215 0.531254 38.250152 1 304
36.061557 -0.725483 35.452476 1 305
36.280578 -1.172970 36.915635 1 306
38.700628 0.158926 36.474868 1 307
35.817924 0.508772 37.780079 1 308
36.582717 -0.021942 37.874564 1 309
37.015300 1.054762 35.849376 1 310
37.667039 -0.386951 36.784228 1 311
36.407652 -0.661950 37.279842 1 312
36.859006 0.261724 37.168638 1 313
36.207299 1.779162 39.048167 1 314
37.891592 -1.190657 36.229868 1 315
38.196088 -0.815077 37.705264 1 316
38.371791 0.438064 39.492503 1 317
37.266322 0.389501 38.023432 1 318
38.243933 -1.021258 38.147588 1 319
37.789675 -0.994184 37.764093 1 320
37.627473 0.667813 38.188585 1 321
38.858243 -0.844734 38.253113 1 322
37.940896 -0.355872 38.932072 1 323
38.628587 -0.637178 38.095163 1 324
39.103288 -0.310655 37.676955 1 325
38.942503 0.148840 39.065881 1 326
39.663150 -0.069560 39.099337 1 327
40.544092 -0.223316 38.501805 1 328
39.405805 -0.262837 39.103983 1 329
38.631612 0.429359 39.825634 1 330
39.039736 0.018513 39.554724 1 331
40.033356 -0.335666 39.770935 1 332
40.307568 -0.383011 40.341093 1 333
39.431249 0.830015 40.552932 1 334
40.196090 0.248219 39.969074 1 335
41.630841 1.287539 41.055057 1 336
40.584014 0.147585 41.455081 1 337
39.729972 0.187214 42.269704 1 338
39.735920 -0.366299 41.240637 1 339
41.552656 -0.557244 40.058523 1 340
40.809629 0.127927 40.365847 1 341
40.703769 0.326944 40.549045 1 342
42.226126 -1.700262 41.978485 1 343
41.314716 0.740518 41.265860 1 344
42.028434 -0.294930 40.489676 1 345
42.578410 1.562285 41.240534 1 346
41.622503 -1.568796 42.305607 1 347
41.813914 -0.415142 40.862273 1 348
42.966553 0.902577 43.816188 1 349
42.296570 -0.127799 41.239274 1 350
41.807850 0.528095 41.664872 1 351
42.079462 0.664038 41.756413 1 352
41.726875 -0.427743 41.968825 1 353
42.952037 -0.128335 42.938071 1 354
42.604288 -0.331851 42.563295 1 355
42.650588 0.059293 43.058699 1 356
43.782562 0.960585 42.853746 1 357
42.734443 -0.409617 42.792485 1 358
43.107285 0.200442 45.879821 1 359
43.204071 -0.700184 43.242887 1 360
42.857377 -0.241191 42.749108 1 361
45.079043 0.181603 42.222076 1 362
42.968757 1.083985 44.242619 1 363
44.559732 -1.322303 43.952670 1 364
43.805145 1.101048 44.251120 1 365
43.846015 0.333327 44.063215 1 366
43.354312 0.105785 44.361973 1 367
44.686937 0.121040 43.884273 1 368
43.775220 -0.763621 44.766800 1 369
44.590603 -0.586693 44.296727 1 370
43.752333 0.723595 43.891341 1 371
44.796599 0.229233 44.031897 1 372
45.574919 0.752968 43.781856 1 373
46.391299 0.484078 45.008285 1 374
45.019779 1.087284 45.196138 1 375
46.258415 -1.797280 45.688438 1 376
44.986095 -0.749382 46.901827 1 377
45.727615 -0.152711 44.648019 1 378
45.070365 -0.193021 45.245282 1 379
44.774737 -0.194463 45.958440 1 380
45.516979 1.143096 46.732065 1 381
47.977471 -0.571772 45.266962 1 382
44.982262 0.847896 46.292954 1 383
46.305318 1.341014 46.642745 1 384
45.970062 0.249275 45.588774 1 385
45.913653 0.679748 45.546053 1 386
45.537921 0.929211 46.613297 1 387
45.396897 -0.858194 48.196943 1 388
46.554168 -0.492590 46.350824 1 389
46.322372 -0.268399 48.527806 1 390
47.580727 0.650735 46.610538 1 391
48.289916 0.617785 47.062161 1 392
46.499579 0.886428 47.270111 1 393
47.541493 -0.244085 47.992690 1 394
47.833671 1.009333 46.394916 1 395
48.482414 -0.486187 48.643582 1 396
47.522543 0.251672 47.457696 1 397
48.361839 -0.075310 49.273118 1 398
47.377872 0.234155 48.576108 1 399
47.345465 -0.258619 47.020748 1 400
47.443527 0.362945 48.502966 1 401
47.434143 -0.145894 48.197203 1 402
48.139561 0.275066 48.841070 1 403
49.834254 1.092895 47.555629 1 404
47.249253 -0.530894 48.224135 1 405
48.040122 -0.757357 47.835932 1 406
49.341428 1.221143 48.394670 1 407
49.035094 -0.057384 49.054986 1 408
49.469743 0.056428 49.585038 1 409
49.763716 0.114010 48.979088 1 410
49.086531 -0.433284 49.777757 1 411
49.137718 0.544602 48.412821 1 412
50.820751 -1.807188 48.437237 1 413
49.614731 -1.473391 52.571767 1 414
51.669559 -1.293662 49.768829 1 415
49.603324 -0.730353 50.851694 1 416
49.527205 -0.040390 50.823494 1 417
50.367618 1.196839 50.784512 1 418
49.836953 -0.097376 49.589854 1 419
49.759928 -0.581573 51.941323 1 420
50.909002 -0.497664 49.959868 1 421
51.687339 0.937428 51.175656 1 422
52.004101 0.469224 50.863091 1 423
51.534307 1.004411 51.086245 1 424
50.344899 -0.859843 51.264342 1 425
51.831355 0.334387 50.750305 1 426
51.379097 -1.122209 50.553601 1 427
51.662404 -0.639624 51.751125 1 428
50.522789 -0.285155 51.033843 1 429
50.823601 0.106435 50.821360 1 430
51.493362 -1.197785 52.356604 1 431
51.319954 0.152207 51.154123 1 432
52.927544 1.142156 52.301447 1 433
52.120387 -1.447286 53.787789 1 434
53.433074 -0.179805 52.430548 1 435
52.256509 0.530016 53.109265 1 436
53.846804 1.976815 52.554929 1 437
52.945909 -0.059381 53.347792 1 438
54.491179 0.350802 52.993325 1 439
53.109679 0.763297 53.642714 1 440
53.693121 -0.445025 52.633422 1 441
53.716945 -0.553320 53.454984 1 442
53.323714 -0.043116 53.309750 1 443
52.859692 0.288017 54.430863 1 444
53.948749 0.985664 54.745206 1 445
55.210040 0.925842 53.844102 1 446
52.943154 -0.325833 53.402997 1 447
54.625978 -0.223013 54.805315 1 448
55.725545 -0.929047 54.324274 1 449
54.738409 0.281645 54.018713 1 450
54.510010 0.373551 53.814523 1 451
53.891224 -0.864476 55.478399 1 452
54.214628 -0.763581 54.600227 1 453
56.461728 -0.698667 53.907152 1 454
56.513588 -0.485122 55.259278 1 455
54.817550 -0.717021 55.275593 1 456
55.637827 -0.373503 54.968519 1 457
54.878927 0.712899 55.825270 1 458
55.934819 0.572062 55.426084 1 459
55.319011 -0.925723 56.474885 1 460
55.206125 0.348748 56.733201 1 461
56.015738 -0.209461 55.776094 1 462
56.476893 0.431067 55.913723 1 463
56.990151 0.120365 57.155798 1 464
56.416818 -0.468704 56.692867 1 465
56.475959 0.534211 55.927681 1 466
55.823954 0.056039 57.355024 1 467
58.099680 1.013495 56.797357 1 468
56.789366 -0.273373 55.837741 1 469
56.753661 0.541663 56.710889 1 470
57.992998 -1.565651 57.698151 1 471
57.464373 0.215098 56.998775 1 472
56.656275 -0.522712 57.499477 1 473
58.146685 0.554740 57.471450 1 474
57.604895 -1.023085 58.340672 1 475
58.848532 0.703484 57.032181 1 476
57.919408 0.390899 59.365204 1 477
57.549447 0.130692 57.420043 1 478
58.554213 -1.593999 58.712909 1 479
57.353142 -0.397232 58.339875 1 480
58.246199 -1.172554 58.553744 1 481
58.679897 0.902038 58.952089 1 482
58.729404 0.755765 59.448567 1 483
59.349690 -0.440395 58.747555 1 484
58.006706 0.290746 58.738253 1 485
60.421219 1.548818 59.661169 1 486
60.616115 0.325821 59.807873 1 487
58.639410 0.352413 59.016525 1 488
60.068667 0.213759 59.147607 1 489
59.318323 -0.158553 59.479366 1 490
59.535122 0.298641 59.600923 1 491
60.373676 0.535309 59.107341 1 492
59.646436 0.869491 59.316292 1 493
59.634664 0.238862 59.963551 1 494
60.160653 0.834327 59.622101 1 495
62.308781 -0.546478 61.418896 1 496
60.564856 -0.059572 61.121278 1 497
60.770512 -0.665742 61.927957 1 498
60.771048 0.096215 60.063543 1 499
60.111142 0.511022 63.391821 1 500
60.383712 0.655365 61.893003 1 501
60.479888 -0.534972 61.259516 1 502
62.026183 -0.394165 61.241124 1 503
61.695523 -1.776644 63.035870 1 504
60.898017 0.478398 62.840770 1 505
62.360017 0.754179 62.626833 1 506
61.977006 -0.626177 61.989030 1 507
61.829206 1.145812 63.116062 1 508
63.092370 1.254323 61.776519 1 509
62.972906 0.686609 63.010484 1 510
62.552043 0.619051 63.339382 1 511
64.549264 1.215405 62.112187 1 512
63.569238 -0.266830 62.693129 1 513
62.857356 0.725452 62.249704 1 514
63.654972 -0.335367 62.126058 1 515
62.503633 0.447610 63.344332 1 516
62.041781 1.116948 64.673482 1 517
62.473090 -0.400223 62.041302 1 518
62.919425 -0.684637 63.613358 1 519
64.990477 -0.099348 64.255747 1 520
63.093547 -0.225783 62.365535 1 521
63.360126 0.360896 64.233400 1 522
63.579297 -0.851920 63.565476 1 523
63.286400 -0.174162 64.532104 1 524
64.457543 -0.089742 63.865299 1 525
65.429607 1.433592 63.923312 1 526
64.036861 0.739723 64.463997 1 527
64.282870 0.082638 63.856378 1 528
64.554772 -0.408265 63.961317 1 529
65.557561 1.724263 65.283096 1 530
65.257961 -0.601782 63.932380 1 531
64.719210 -0.387344 65.238472 1 532
65.379763 0.781787 64.647026 1 533
64.798243 -0.291272 65.918578 1 534
65.450237 -1.351433 65.136541 1 535
65.967696 -0.600420 64.608362 1 536
64.870270 -0.082256 66.406437 1 537
66.768774 0.060899 65.519513 1 538
66.122348 -0.541382 65.300707 1 539
65.534451 -1.557411 67.227749 1 540
67.197336 -1.127086 65.206255 1 541
65.673158 0.542287 65.316094 1 542
67.809310 -0.047135 66.610554 1 543
66.399587 0.860925 66.380454 1 544
67.061649 0.933869 65.652876 1 545
67.276216 0.592924 66.519763 1 546
67.251316 0.475997 66.363324 1 547
65.885921 -0.340340 66.521679 1 548
66.825251 0.193926 66.873671 1 549
66.699941 -0.912397 68.199262 1 550
67.399100 -0.551424 66.258991 1 551
66.373919 0.177599 68.831314 1 552
67.701651 1.210863 68.423725 1 553
67.198741 0.857555 67.753433 1 554
66.947070 -0.342273 67.294882 1 555
67.324545 0.706892 67.676748 1 556
67.590941 -0.451554 67.813234 1 557
67.801076 0.177729 67.082714 1 558
67.357978 0.472788 67.840077 1 559
67.758035 -0.704987 67.501162 1 560
68.312945 0.907164 67.847180 1 561
68.232084 0.755868 68.265039 1 562
69.652307 -0.549915 68.677037 1 563
68.699546 -0.779441 68.218600 1 564
68.407020 0.520463 69.318794 1 565
69.014427 -0.291609 67.460466 1 566
69.146849 -0.642052 67.907454 1 567
68.960799 -1.330898 69.138404 1 568
68.065500 0.200783 68.485261 1 569
69.758309 1.044971 69.122110 1 570
68.540488 0.238587 69.242533 1 571
69.307823 0.845659 68.812521 1 572
71.600773 -1.536797 70.209167 1 573
70.327762 1.612585 70.104313 1 574
69.866210 -0.145148 68.615377 1 575
69.507582 0.352233 69.238550 1 576
68.965352 0.611141 70.494590 1 577
70.603161 -0.330262 69.093658 1 578
69.761919 0.757302 69.156072 1 579
70.421392 -0.296454 70.380682 1 580
69.871237 -0.173930 71.868927 1 581
71.010646 -0.404053 69.894321 1 582
69.473596 -0.466528 71.042368 1 583
70.179089 -0.506999 71.111223 1 584
70.013451 -0.049257 70.077438 1 585
71.883641 1.512996 70.161918 1 586
70.895376 -0.805606 70.208285 1 587
70.598181 1.017250 71.331870 1 588
71.054974 -1.203146 71.555715 1 589
72.287145 -1.550978 71.482697 1 590
71.317178 -1.055949 71.502218 1 591
71.741949 -0.578886 71.313441 1 592
71.405180 0.218714 73.321316 1 593
71.751403 0.254037 70.904477 1 594
72.710265 1.248353 71.792883 1 595
72.358051 0.441784 72.844799 1 596
72.506543 -0.705966 71.971946 1 597
73.640013 1.242465 72.710465 1 598
72.170065 -0.184058 73.554735 1 599
72.567353 0.654950 73.196548 1 600
72.635249 1.375829 73.209026 1 601
74.001423 -1.009999 73.909196 1 602
73.144291 0.992313 73.338177 1 603
73.333706 -1.185805 73.281941 1 604
73.728256 0.855364 74.011558 1 605
74.033230 -0.086297 73.166447 1 606
73.978783 -0.114900 72.877463 1 607
74.545221 0.437423 74.589609 1 608
73.068772 -0.168874 73.448858 1 609
75.085710 -0.629797 73.893834 1 610
73.804945 -0.592431 73.965449 1 611
73.741892 1.430324 75.146898 1 612
73.489864 -1.062782 75.221885 1 613
74.079293 0.138784 73.789006 1 614
74.077215 -0.058095 75.458797 1 615
74.768433 1.158147 73.800661 1 616
74.467103 -0.487679 74.695540 1 617
74.572095 0.971985 74.869568 1 618
74.581001 -0.111597 74.005295 1 619
75.228974 -0.276903 75.999123 1 620
75.166773 0.496582 75.260533 1 621
74.575917 -0.232931 74.884080 1 622
75.748375 -1.368418 75.945233 1 623
75.325986 0.425635 76.046561 1 624
76.536584 -1.305685 76.678065 1 625
75.396471 0.223234 75.140937 1 626
75.659784 0.806825 75.708268 1 627
76.718082 -0.111471 76.259072 1 628
75.757482 0.912892 75.795429 1 629
76.812315 1.524632 75.336336 1 630
76.190019 -0.272026 76.624112 1 631
76.099590 -0.519275 77.050216 1 632
75.891139 -0.650864 77.180846 1 633
76.275631 -0.091186 76.334118 1 634
76.704172 0.673858 77.539339 1 635
77.121776 -0.317345 76.215341 1 636
76.809804 0.831251 77.166994 1 637
77.083178 1.051252 77.583402 1 638
78.066238 -0.290061 77.075494 1 639
77.252138 -0.893982 77.902639 1 640
78.265052 -0.394288 77.655857 1 641
77.559550 -0.676435 79.915953 1 642
76.926060 0.392162 78.311390 1 643
77.816454 -0.160051 79.125486 1 644
78.815983 0.189580 78.586954 1 645
78.584926 0.633142 77.942470 1 646
77.768581 0.433266 78.034250 1 647
79.731264 0.188184 78.202648 1 648
78.744795 -0.701184 78.744784 1 649
78.279343 0.091219 78.524269 1 650
78.658792 0.716169 79.190527 1 651
78.533838 0.713416 78.975210 1 652
80.297992 -1.372533 78.107324 1 653
79.856185 0.985375 79.425809 1 654
79.401188 -0.885731 79.072744 1 655
80.442098 0.573995 78.992317 1 656
78.799867 -0.425847 80.551554 1 657
79.809084 1.016571 80.064310 1 658
79.583465 -0.572260 79.437337 1 659
79.165464 -0.097692 79.880449 1 660
80.281383 -0.972644 79.352183 1 661
79.258500 0.090446 79.454481 1 662
79.705542 0.188415 80.625902 1 663
80.265008 -0.203406 79.481874 1 664
80.282526 -0.240649 80.068197 1 665
80.617085 -1.100619 80.399358 1 666
81.294519 0.242737 79.978496 1 667
80.646229 0.881533 79.598704 1 668
80.797944 -0.024784 80.108602 1 669
81.536789 -0.026131 80.760034 1 670
81.201495 -1.256435 81.551153 1 671
81.418072 0.799971 80.065063 1 672
80.699769 0.122163 80.948224 1 673
81.024268 1.197093 82.280250 1 674
81.003505 -1.052628 81.729773 1 675
82.994234 1.041847 80.402220 1 676
81.203251 -0.754255 82.493381 1 677
81.683107 -0.993813 81.441343 1 678
82.262864 -0.026056 83.838955 1 679
81.876164 0.331162 82.257568 1 680
82.616982 -0.215257 82.437481 1 681
81.423236 0.654394 83.078239 1 682
81.698265 1.082533 83.134663 1 683
82.718280 0.554828 82.313473 1 684
81.964541 -0.508505 84.595882 1 685
82.827067 0.907904 82.719811 1 686
84.188468 -1.119976 82.746785 1 687
84.503668 -0.558516 83.140815 1 688
84.354161 0.323799 83.840221 1 689
83.380084 -0.270431 84.149942 1 690
83.916909 1.634768 83.985296 1 691
83.993571 -0.346901 85.807037 1 692
83.602181 0.461620 83.494331 1 693
83.989965 0.402879 83.792693 1 694
83.426646 -0.071400 83.304586 1 695
83.540257 -0.835003 85.508538 1 696
84.055502 0.080347 83.776179 1 697
84.045561 -0.265174 83.572291 1 698
83.991079 -0.160446 85.092453 1 699
83.737407 -0.107161 84.381759 1 700
84.744068 0.305254 84.878281 1 701
85.063378 -0.621592 85.066768 1 702
85.975327 -0.008616 86.035215 1 703
85.050242 -0.014614 85.638033 1 704
85.283177 -0.520516 85.462191 1 705
84.680216 -0.744048 86.163592 1 706
85.279147 0.114116 84.660443 1 707
85.822316 1.022337 85.506266 1 708
85.176925 -1.419184 86.827116 1 709
85.907012 1.133961 84.792793 1 710
86.348903 0.665377 85.413903 1 711
85.245655 0.500903 85.812482 1 712
86.133349 -0.272009 85.814274 1 713
86.589982 0.341647 86.329913 1 714
85.749060 0.952684 87.163216 1 715
86.700691 0.898156 85.836074 1 716
86.865964 -0.809299 86.549147 1 717
86.374334 0.092528 86.862769 1 718
86.469419 0.975221 86.991721 1 719
87.094812 0.103379 87.214714 1 720
86.886982 0.930673 86.815377 1 721
86.925732 -0.150835 86.743590 1 722
86.653781 -0.468199 87.184218 1 723
87.560801 0.185360 86.985307 1 724
87.022409 1.096502 87.479896 1 725
87.160248 -0.193020 87.039339 1 726
88.655083 -0.251804 87.235705 1 727
87.097270 -0.564916 87.954566 1 728
87.619667 0.202111 86.979923 1 729
87.001997 -0.747604 88.291510 1 730
87.776473 0.683926 87.978896 1 731
89.573384 1.230368 88.801982 1 732
88.143011 -0.494215 88.287851 1 733
87.556880 -0.459137 88.295341 1 734
89.554227 0.561763 88.039172 1 735
87.752595 0.545862 89.026938 1 736
90.294927 1.626998 89.137249 1 737
88.703743 0.660438 88.864438 1 738
88.313931 -0.119546 88.402902 1 739
89.178706 -0.700025 88.697828 1 740
88.453255 0.240202 89.108719 1 741
88.712207 0.382981 89.967923 1 742
90.503692 -0.454387 89.400844 1 743
89.975969 0.294173 88.623625 1 744
89.186306 -0.975600 89.827792 1 745
90.312748 0.108790 89.418173 1 746
89.787563 0.265105 89.305977 1 747
89.892757 0.117241 89.866380 1 748
90.116421 -0.006512 90.427961 1 749
90.436688 0.460517 90.408457 1 750
91.182650 0.230095 90.057347 1 751
89.857591 0.048209 91.263779 1 752
90.079374 1.023348 90.567789 1 753
90.156041 -0.181993 89.530484 1 754
90.637305 -0.451012 91.143104 1 755
90.883986 -0.892936 91.696447 1 756
90.574116 0.221817 90.686879 1 757
90.872828 -0.469938 91.999602 1 758
90.857112 -0.437106 90.619243 1 759
90.158935 -0.160793 91.871102 1 760
91.476286 0.615847 91.350931 1 761
91.078983 -0.464791 90.696501 1 762
91.119152 0.220293 90.963615 1 763
90.604688 -0.821789 92.250661 1 764
91.482637 0.550282 91.324971 1 765
91.565086 0.367967 92.950167 1 766
91.576212 -0.219762 91.949628 1 767
92.175726 0.840888 92.302554 1 768
92.196367 -0.450087 91.505522 1 769
92.747808 0.566466 91.637900 1 770
92.422788 0.767682 92.032666 1 771
92.783898 0.262058 91.637831 1 772
92.675909 0.029127 92.092396 1 773
92.293577 0.923374 92.477568 1 774
93.289308 -0.459581 93.784458 1 775
92.348008 0.090487 92.663211 1 776
92.783866 0.253104 92.663009 1 777
92.873439 -0.266599 92.022027 1 778
94.818155 1.271437 93.495965 1 779
93.358310 -0.453066 92.899696 1 780
93.818621 0.022903 92.763572 1 781
93.635420 0.868309 93.450870 1 782
94.125308 1.332589 93.004895 1 783
93.649445 -0.351599 93.800703 1 784
93.061773 -0.271801 94.211061 1 785
93.710464 -0.581254 93.317492 1 786
93.462173 0.411033 94.438976 1 787
94.939956 -1.880946 93.955308 1 788
95.092803 0.132085 94.817833 1 789
93.643154 0.096166 93.460859 1 790
94.023897 0.955807 95.499833 1 791
94.652864 -0.173824 93.540979 1 792
95.217045 -0.377791 94.747641 1 793
94.387184 -0.239743 94.500379 1 794
95.176790 0.960473 94.942998 1 795
96.459074 -0.619990 94.707571 1 796
96.048653 -0.072819 95.122430 1 797
95.325421 -0.110282 95.908547 1 798
95.214479 -0.289299 96.229990 1 799
96.360126 1.247844 95.393697 1 800
97.182356 -1.536363 96.571763 1 801
95.749860 -0.012914 95.785171 1 802
96.051730 -0.685540 96.751509 1 803
95.665965 -0.463266 96.774806 1 804
95.998932 -0.031905 96.874453 1 805
95.582918 0.776808 96.606354 1 806
96.183807 0.575176 96.840161 1 807
96.798375 0.560841 96.700143 1 808
97.970871 -0.984176 98.672916 1 809
96.119118 0.605315 97.182831 1 810
97.472537 0.861523 97.093236 1 811
96.491202 -1.394050 98.578467 1 812
98.185865 -0.909226 97.485131 1 813
97.570330 -0.113871 97.055578 1 814
97.859977 0.109070 97.973046 1 815
97.713868 -0.795174 97.292083 1 816
96.915141 -0.361751 97.852316 1 817
98.069763 0.452957 98.123142 1 818
98.885411 1.501357 97.730756 1 819
98.794005 -0.524920 97.261531 1 820
99.154146 -0.678438 98.662713 1 821
99.125092 0.020070 98.853043 1 822
97.665964 -1.383356 99.493247 1 823
97.549164 -0.474511 98.246501 1 824
99.554925 -1.618785 98.475748 1 825
98.878775 0.171995 97.763046 1 826
99.316310 0.164845 100.633508 1 827
98.864315 0.473698 98.986356 1 828
98.811191 -0.192902 98.760712 1 829
99.526923 0.473664 99.520141 1 830
98.886168 -0.529712 100.563186 1 831
99.098101 0.024954 99.015661 1 832
99.580875 -1.089895 99.549768 1 833
100.149192 1.208846 100.487255 1 834
100.247324 0.020760 98.839962 1 835
100.282552 -0.810359 99.415181 1 836
99.702928 -0.559846 99.146535 1 837
99.720552 0.068960 99.296941 1 838
99.077933 -1.009023 100.773004 1 839
100.081533 -0.583075 99.513182 1 840
100.351167 0.560917 100.302615 1 841
100.118438 -0.052942 100.900722 1 842
99.956762 0.315566 100.608053 1 843
101.345932 -0.716957 100.302270 1 844
100.402524 -0.975714 101.967839 1 845
100.905701 -0.538909 101.046362 1 846
101.535132 -0.774576 101.021223 1 847
100.310644 -0.247697 101.155021 1 848
90.000000 0.000000 80.000000 0 849