0.000000 0.000000 0.000000 0.000000 -0.785398 0.000000 1
-0.279076 0.000000 -0.673748 0.000000 -0.785398 0.000000 2
-0.558151 0.000000 -1.347496 0.000000 -0.785398 0.000000 3
-0.837227 0.000000 -2.021244 0.000000 -0.785398 0.000000 4
-1.116302 0.000000 -2.694992 0.000000 -0.785398 0.000000 5
-1.395378 0.000000 -3.368740 0.000000 -0.785398 0.000000 6
-1.674453 0.000000 -4.042488 0.000000 -0.785398 0.000000 7
-1.953529 0.000000 -4.716236 0.000000 -0.785398 0.000000 8
-2.232604 0.000000 -5.389984 0.000000 -0.785398 0.000000 9
-2.511680 0.000000 -6.063732 0.000000 -0.785398 0.000000 10
-2.790756 0.000000 -6.737480 0.000000 -0.785398 0.000000 11
-3.069831 0.000000 -7.411228 0.000000 -0.785398 0.000000 12
-3.348907 0.000000 -8.084976 0.000000 -0.785398 0.000000 13
-3.627982 0.000000 -8.758724 0.000000 -0.785398 0.000000 14
-3.907058 0.000000 -9.432472 0.000000 -0.785398 0.000000 15
-4.186133 0.000000 -10.106220 0.000000 -0.785398 0.000000 16
-4.465209 0.000000 -10.779968 0.000000 -0.785398 0.000000 17
-4.744285 0.000000 -11.453716 0.000000 -0.785398 0.000000 18
-5.023360 0.000000 -12.127464 0.000000 -0.785398 0.000000 19
-5.302436 0.000000 -12.801212 0.000000 -0.785398 0.000000 20
-5.581511 0.000000 -13.474960 0.000000 -0.785398 0.000000 21
-5.860587 0.000000 -14.148708 0.000000 -0.785398 0.000000 22
-6.139662 0.000000 -14.822456 0.000000 -0.785398 0.000000 23
-6.418738 0.000000 -15.496204 0.000000 -0.785398 0.000000 24
-6.697813 0.000000 -16.169952 0.000000 -0.785398 0.000000 25
-6.976889 0.000000 -16.843700 0.000000 -0.785398 0.000000 26
-7.255965 0.000000 -17.517448 0.000000 -0.785398 0.000000 27
-7.535040 0.000000 -18.191196 0.000000 -0.785398 0.000000 28
-7.814116 0.000000 -18.864944 0.000000 -0.785398 0.000000 29
-8.093191 0.000000 -19.538692 0.000000 -0.785398 0.000000 30
-8.372267 0.000000 -20.212440 0.000000 -0.785398 0.000000 31
-8.651342 0.000000 -20.886188 0.000000 -0.785398 0.000000 32
-8.930418 0.000000 -21.559936 0.000000 -0.785398 0.000000 33
-9.209494 0.000000 -22.233684 0.000000 -0.785398 0.000000 34
-9.488569 0.000000 -22.907432 0.000000 -0.785398 0.000000 35
-9.767645 0.000000 -23.581180 0.000000 -0.785398 0.000000 36
-10.046720 0.000000 -24.254928 0.000000 -0.785398 0.000000 37
-10.325796 0.000000 -24.928676 0.000000 -0.785398 0.000000 38
-10.604871 0.000000 -25.602424 0.000000 -0.785398 0.000000 39
-10.883947 0.000000 -26.276172 0.000000 -0.785398 0.000000 40
-11.163022 0.000000 -26.949920 0.000000 -0.785398 0.000000 41
-11.442098 0.000000 -27.623668 0.000000 -0.785398 0.000000 42
-11.721174 0.000000 -28.297416 0.000000 -0.785398 0.000000 43
-12.000249 0.000000 -28.971164 0.000000 -0.785398 0.000000 44
-12.279325 0.000000 -29.644912 0.000000 -0.785398 0.000000 45
-12.558400 0.000000 -30.318660 0.000000 -0.785398 0.000000 46
-12.837476 0.000000 -30.992408 0.000000 -0.785398 0.000000 47
-13.116551 0.000000 -31.666156 0.000000 -0.785398 0.000000 48
-13.395627 0.000000 -32.339904 0.000000 -0.785398 0.000000 49
-13.674703 0.000000 -33.013652 0.000000 -0.785398 0.000000 50
-13.953778 0.000000 -33.687400 0.000000 -0.785398 0.000000 51
-14.232854 0.000000 -34.361148 0.000000 -0.785398 0.000000 52
-14.511929 0.000000 -35.034896 0.000000 -0.785398 0.000000 53
-14.791005 0.000000 -35.708644 0.000000 -0.785398 0.000000 54
-15.070080 0.000000 -36.382392 0.000000 -0.785398 0.000000 55
-15.349156 0.000000 -37.056140 0.000000 -0.785398 0.000000 56
-15.628231 0.000000 -37.729888 0.000000 -0.785398 0.000000 57
-15.907307 0.000000 -38.403636 0.000000 -0.785398 0.000000 58
-16.186383 0.000000 -39.077384 0.000000 -0.785398 0.000000 59
-16.465458 0.000000 -39.751132 0.000000 -0.785398 0.000000 60
-16.744534 0.000000 -40.424880 0.000000 -0.785398 0.000000 61
-17.023609 0.000000 -41.098628 0.000000 -0.785398 0.000000 62
-17.302685 0.000000 -41.772376 0.000000 -0.785398 0.000000 63
-17.581760 0.000000 -42.446124 0.000000 -0.785398 0.000000 64
-17.860836 0.000000 -43.119872 0.000000 -0.785398 0.000000 65
-18.139911 0.000000 -43.793620 0.000000 -0.785398 0.000000 66
-18.418987 0.000000 -44.467368 0.000000 -0.785398 0.000000 67
-18.698063 0.000000 -45.141116 0.000000 -0.785398 0.000000 68
-18.977138 0.000000 -45.814864 0.000000 -0.785398 0.000000 69
-19.256214 0.000000 -46.488612 0.000000 -0.785398 0.000000 70
-19.535289 0.000000 -47.162360 0.000000 -0.785398 0.000000 71
-19.814365 0.000000 -47.836108 0.000000 -0.785398 0.000000 72
-20.093440 0.000000 -48.509856 0.000000 -0.785398 0.000000 73
-20.372516 0.000000 -49.183604 0.000000 -0.785398 0.000000 74
-20.651592 0.000000 -49.857352 0.000000 -0.785398 0.000000 75
-20.930667 0.000000 -50.531100 0.000000 -0.785398 0.000000 76
-21.209743 0.000000 -51.204848 0.000000 -0.785398 0.000000 77
-21.488818 0.000000 -51.878596 0.000000 -0.785398 0.000000 78
-21.767894 0.000000 -52.552344 0.000000 -0.785398 0.000000 79
-22.046969 0.000000 -53.226092 0.000000 -0.785398 0.000000 80
-22.326045 0.000000 -53.899840 0.000000 -0.785398 0.000000 81
-22.605120 0.000000 -54.573588 0.000000 -0.785398 0.000000 82
-22.884196 0.000000 -55.247336 0.000000 -0.785398 0.000000 83
-23.163272 0.000000 -55.921084 0.000000 -0.785398 0.000000 84
-23.442347 0.000000 -56.594832 0.000000 -0.785398 0.000000 85
-23.721423 0.000000 -57.268580 0.000000 -0.785398 0.000000 86
-24.000498 0.000000 -57.942328 0.000000 -0.785398 0.000000 87
-24.279574 0.000000 -58.616076 0.000000 -0.785398 0.000000 88
-24.558649 0.000000 -59.289824 0.000000 -0.785398 0.000000 89
-24.837725 0.000000 -59.963572 0.000000 -0.785398 0.000000 90
-25.116801 0.000000 -60.637320 0.000000 -0.785398 0.000000 91
-25.395876 0.000000 -61.311068 0.000000 -0.785398 0.000000 92
-25.674952 0.000000 -61.984816 0.000000 -0.785398 0.000000 93
-25.954027 0.000000 -62.658564 0.000000 -0.785398 0.000000 94
-26.233103 0.000000 -63.332313 0.000000 -0.785398 0.000000 95
-26.512178 0.000000 -64.006061 0.000000 -0.785398 0.000000 96
-26.791254 0.000000 -64.679809 0.000000 -0.785398 0.000000 97
-27.070329 0.000000 -65.353557 0.000000 -0.785398 0.000000 98
-27.349405 0.000000 -66.027305 0.000000 -0.785398 0.000000 99
-27.628481 0.000000 -66.701053 0.000000 -0.785398 0.000000 100
-27.907556 0.000000 -67.374801 0.000000 -0.785398 0.000000 101
-28.186632 0.000000 -68.048549 0.000000 -0.785398 0.000000 102
-28.465707 0.000000 -68.722297 0.000000 -0.785398 0.000000 103
-28.744783 0.000000 -69.396045 0.000000 -0.785398 0.000000 104
-29.023858 0.000000 -70.069793 0.000000 -0.785398 0.000000 105
-29.302934 0.000000 -70.743541 0.000000 -0.785398 0.000000 106
-29.582010 0.000000 -71.417289 0.000000 -0.785398 0.000000 107
-29.861085 0.000000 -72.091037 0.000000 -0.785398 0.000000 108
-30.140161 0.000000 -72.764785 0.000000 -0.785398 0.000000 109
-30.419236 0.000000 -73.438533 0.000000 -0.785398 0.000000 110
-30.698312 0.000000 -74.112281 0.000000 -0.785398 0.000000 111
-30.977387 0.000000 -74.786029 0.000000 -0.785398 0.000000 112
-31.256463 0.000000 -75.459777 0.000000 -0.785398 0.000000 113
-31.535538 0.000000 -76.133525 0.000000 -0.785398 0.000000 114
-31.814614 0.000000 -76.807273 0.000000 -0.785398 0.000000 115
-32.093690 0.000000 -77.481021 0.000000 -0.785398 0.000000 116
-32.372765 0.000000 -78.154769 0.000000 -0.785398 0.000000 117
-32.651841 0.000000 -78.828517 0.000000 -0.785398 0.000000 118
-32.930916 0.000000 -79.502265 0.000000 -0.785398 0.000000 119
-33.209992 0.000000 -80.176013 0.000000 -0.785398 0.000000 120
-33.489067 0.000000 -80.849761 0.000000 -0.785398 0.000000 121
-33.768143 0.000000 -81.523509 0.000000 -0.785398 0.000000 122
-34.047218 0.000000 -82.197257 0.000000 -0.785398 0.000000 123
-34.326294 0.000000 -82.871005 0.000000 -0.785398 0.000000 124
-34.605370 0.000000 -83.544753 0.000000 -0.785398 0.000000 125
-34.884445 0.000000 -84.218501 0.000000 -0.785398 0.000000 126
-35.163521 0.000000 -84.892249 0.000000 -0.785398 0.000000 127
-35.442596 0.000000 -85.565997 0.000000 -0.785398 0.000000 128
-35.721672 0.000000 -86.239745 0.000000 -0.785398 0.000000 129
-36.000747 0.000000 -86.913493 0.000000 -0.785398 0.000000 130
-36.279823 0.000000 -87.587241 0.000000 -0.785398 0.000000 131
-36.558899 0.000000 -88.260989 0.000000 -0.785398 0.000000 132
-36.837974 0.000000 -88.934737 0.000000 -0.785398 0.000000 133
-37.117050 0.000000 -89.608485 0.000000 -0.785398 0.000000 134
-37.396125 0.000000 -90.282233 0.000000 -0.785398 0.000000 135
-37.675201 0.000000 -90.955981 0.000000 -0.785398 0.000000 136
-37.954276 0.000000 -91.629729 0.000000 -0.785398 0.000000 137
-38.233352 0.000000 -92.303477 0.000000 -0.785398 0.000000 138
-38.512427 0.000000 -92.977225 0.000000 -0.785398 0.000000 139
-38.791503 0.000000 -93.650973 0.000000 -0.785398 0.000000 140
-39.070579 0.000000 -94.324721 0.000000 -0.785398 0.000000 141
-39.349654 0.000000 -94.998469 0.000000 -0.785398 0.000000 142
-39.628730 0.000000 -95.672217 0.000000 -0.785398 0.000000 143
-39.907805 0.000000 -96.345965 0.000000 -0.785398 0.000000 144
-40.186881 0.000000 -97.019713 0.000000 -0.785398 0.000000 145
-40.465956 0.000000 -97.693461 0.000000 -0.785398 0.000000 146
-40.745032 0.000000 -98.367209 0.000000 -0.785398 0.000000 147
-41.024108 0.000000 -99.040957 0.000000 -0.785398 0.000000 148
-41.303183 0.000000 -99.714705 0.000000 -0.785398 0.000000 149
-41.582259 0.000000 -100.388453 0.000000 -0.785398 0.000000 150
-41.861334 0.000000 -101.062201 0.000000 -0.785398 0.000000 151
-42.140410 0.000000 -101.735949 0.000000 -0.785398 0.000000 152
-42.419485 0.000000 -102.409697 0.000000 -0.785398 0.000000 153
-42.698561 0.000000 -103.083445 0.000000 -0.785398 0.000000 154
-42.977636 0.000000 -103.757193 0.000000 -0.785398 0.000000 155
-43.256712 0.000000 -104.430941 0.000000 -0.785398 0.000000 156
-43.535788 0.000000 -105.104689 0.000000 -0.785398 0.000000 157
-43.814863 0.000000 -105.778437 0.000000 -0.785398 0.000000 158
-44.093939 0.000000 -106.452185 0.000000 -0.785398 0.000000 159
-44.373014 0.000000 -107.125933 0.000000 -0.785398 0.000000 160
-44.652090 0.000000 -107.799681 0.000000 -0.785398 0.000000 161
-44.931165 0.000000 -108.473429 0.000000 -0.785398 0.000000 162
-45.210241 0.000000 -109.147177 0.000000 -0.785398 0.000000 163
-45.489317 0.000000 -109.820925 0.000000 -0.785398 0.000000 164
-45.768392 0.000000 -110.494673 0.000000 -0.785398 0.000000 165
-46.047468 0.000000 -111.168421 0.000000 -0.785398 0.000000 166
-46.326543 0.000000 -111.842169 0.000000 -0.785398 0.000000 167
-46.605619 0.000000 -112.515917 0.000000 -0.785398 0.000000 168
-46.884694 0.000000 -113.189665 0.000000 -0.785398 0.000000 169
-47.163770 0.000000 -113.863413 0.000000 -0.785398 0.000000 170
-47.442845 0.000000 -114.537161 0.000000 -0.785398 0.000000 171
-47.721921 0.000000 -115.210909 0.000000 -0.785398 0.000000 172
-48.000997 0.000000 -115.884657 0.000000 -0.785398 0.000000 173
-48.280072 0.000000 -116.558405 0.000000 -0.785398 0.000000 174
-48.559148 0.000000 -117.232153 0.000000 -0.785398 0.000000 175
-48.838223 0.000000 -117.905901 0.000000 -0.785398 0.000000 176
-49.117299 0.000000 -118.579649 0.000000 -0.785398 0.000000 177
-49.396374 0.000000 -119.253397 0.000000 -0.785398 0.000000 178
-49.675450 0.000000 -119.927145 0.000000 -0.785398 0.000000 179
-49.954525 0.000000 -120.600893 0.000000 -0.785398 0.000000 180
-50.233601 0.000000 -121.274641 0.000000 -0.785398 0.000000 181
-50.512677 0.000000 -121.948389 0.000000 -0.785398 0.000000 182
-50.791752 0.000000 -122.622137 0.000000 -0.785398 0.000000 183
-51.070828 0.000000 -123.295885 0.000000 -0.785398 0.000000 184
-51.349903 0.000000 -123.969633 0.000000 -0.785398 0.000000 185
-51.628979 0.000000 -124.643381 0.000000 -0.785398 0.000000 186
-51.908054 0.000000 -125.317129 0.000000 -0.785398 0.000000 187
-52.187130 0.000000 -125.990877 0.000000 -0.785398 0.000000 188
-52.466206 0.000000 -126.664625 0.000000 -0.785398 0.000000 189
-52.745281 0.000000 -127.338373 0.000000 -0.785398 0.000000 190
-53.024357 0.000000 -128.012121 0.000000 -0.785398 0.000000 191
-53.303432 0.000000 -128.685869 0.000000 -0.785398 0.000000 192
-53.582508 0.000000 -129.359617 0.000000 -0.785398 0.000000 193
-53.861583 0.000000 -130.033365 0.000000 -0.785398 0.000000 194
-54.140659 0.000000 -130.707113 0.000000 -0.785398 0.000000 195
-54.419734 0.000000 -131.380861 0.000000 -0.785398 0.000000 196
-54.698810 0.000000 -132.054609 0.000000 -0.785398 0.000000 197
-54.977886 0.000000 -132.728357 0.000000 -0.785398 0.000000 198
-55.256961 0.000000 -133.402105 0.000000 -0.785398 0.000000 199
-55.536037 0.000000 -134.075853 0.000000 -0.785398 0.000000 200