-0.496558 -1.639591 0.493090
0.088695 3.715957 -0.423443
-0.087625 -0.735927 -0.450296
1.672372 0.005033 1.448021
-0.588292 -0.822721 0.773489
1.348220 0.248702 -0.581194
0.199601 -0.009028 -0.181443
0.622106 -1.773239 -0.971723
-0.406537 -1.799896 -0.357405
1.423319 -0.573757 0.221870
0.323822 1.560183 -0.530904
0.268386 -0.565677 -0.521357
-0.408230 0.576195 -1.025044
1.027729 0.794626 0.384617
-1.304173 1.035867 -0.141540
-0.948379 0.855938 -1.450603
0.605426 0.654500 0.561810
0.605943 0.506139 0.737254
-0.178428 0.104839 -1.459673
-0.692439 2.150736 -0.991632
0.754644 1.292927 2.867948
-1.269158 -0.808953 3.813689
1.827785 0.234509 2.494846
2.146244 -0.578794 2.203544
3.095399 0.710597 4.172329
3.416101 -0.530346 2.305852
0.710025 1.259668 2.960422
0.230189 -1.094942 3.227949
1.114847 1.562015 2.382794
2.899172 0.496841 1.853353
1.898130 0.403933 1.809614
0.789268 -1.040937 1.330627
-0.008490 0.139252 2.414098
2.640204 1.847952 2.431837
1.291269 1.015382 2.248272
0.429424 -0.427160 2.930147
1.932028 0.763210 3.009292
1.226351 -0.473553 3.068511
2.185759 -0.162928 0.319577
0.716294 0.921309 1.794865
2.608355 -0.147326 3.808926
4.221461 -1.062321 5.107762
3.600316 1.372971 4.267566
2.647941 -0.795186 3.992948
1.376089 -0.072757 3.411128
3.686428 0.132126 7.146432
2.686706 -0.825341 4.385440
3.753421 -0.530545 5.467043
2.507096 0.868641 5.189325
2.078226 0.513696 6.281452
2.805275 1.095663 5.782765
2.285889 0.315583 5.001896
4.698794 -1.934982 3.721252
2.250806 -1.447209 6.287984
2.204448 -0.039722 5.726173
1.223124 1.072512 3.289416
2.860781 0.754712 3.479869
0.967358 -0.923268 5.297220
4.004886 0.014269 4.431098
3.553980 -1.063081 3.309551
5.567143 0.035741 6.714417
4.301941 0.062252 7.524514
4.346236 0.298748 7.327394
4.700452 -0.891823 6.426124
3.091518 0.297192 6.554322
4.947760 -0.590362 6.990004
4.119477 -0.226983 9.474077
5.526784 1.161428 5.957591
5.442529 0.517603 6.906097
5.355442 -0.270380 4.113932
5.173327 -1.858526 6.859663
4.861152 -0.441506 6.609453
4.826778 -0.783678 6.040236
4.433485 -0.420798 7.292024
6.635076 0.484774 5.941282
6.291555 0.884882 8.279587
6.420144 -2.122992 6.313710
5.513980 1.721843 6.204604
4.090758 0.735536 4.838408
4.485769 -1.741476 5.815581
6.844130 -0.168144 7.187404
4.809967 0.939765 5.869760
5.751129 0.253163 7.510283
6.957029 0.799865 6.319659
6.055951 0.133903 5.915547
4.524871 0.398318 5.969054
6.505586 -0.559088 7.206459
4.981916 -2.540311 7.349109
5.311133 -0.093490 7.290151
5.353374 -1.703117 6.069806
6.352611 2.929634 6.098651
6.478646 0.875070 7.301420
4.381544 0.360120 5.657448
4.660868 -0.620463 5.539424
5.752981 1.037661 5.130113
4.858381 0.313139 7.389800
8.130360 1.566679 7.529140
7.038436 -0.228957 6.147796
6.040212 -0.348584 5.859530
5.088012 0.479512 6.804999
6.518813 2.114749 3.773878
6.554238 -0.204125 4.826719
6.767119 -0.864604 5.174514
6.518084 1.652813 6.507339
6.218002 -0.167065 5.317341
8.275211 -0.200291 5.461673
8.645044 -0.179123 4.969783
4.648124 -0.619629 2.173855
7.422941 0.215023 3.904702
6.816876 -1.309879 7.095627
5.226206 -1.018517 4.559007
6.856545 -0.692767 6.290154
6.044517 0.874905 6.770686
6.882765 -0.504185 5.495996
7.047957 0.130612 5.621961
7.450661 0.580722 7.069913
8.952095 -1.528471 5.272041
5.843540 -0.465540 5.233712
7.264250 0.506844 4.384870
9.227057 0.577576 4.443554
7.440345 0.011558 3.200829
7.952464 -1.300327 6.115589
9.976506 -0.272964 5.594197
7.520336 -0.236927 4.750284
9.618297 -0.739666 3.234299
7.520623 0.736614 4.417689
7.392268 0.697922 3.180568
8.229481 0.390113 4.260989
9.586359 0.658436 5.457411
7.200194 0.581492 3.076864
5.700624 0.206664 4.717898
7.610764 0.451443 4.931840
8.020673 0.108624 4.445069
7.052804 1.426741 2.878488
7.876001 1.119040 4.378580
7.563727 -0.539950 4.771974
9.132152 -0.770988 5.117902
8.604731 -0.235477 3.630310
9.433174 -0.525596 3.644642
7.319514 -1.144888 3.811165
10.525948 -0.710612 4.981820
8.939792 1.102166 4.202717
11.062089 -1.485379 5.391567
9.995715 -0.061634 4.062813
8.741209 2.801468 4.756825
8.395455 -0.501296 7.035710
9.814018 -0.365046 4.505787
10.488797 1.670421 3.140391
7.558763 1.547188 4.313172
9.935607 -1.242274 4.098602
7.750019 -0.026313 5.657213
9.454407 0.543330 5.276404
9.778977 -0.344740 5.447995
8.083770 -0.504661 5.978387
6.838476 -1.591306 6.863915
10.066391 0.356273 4.386548
7.215027 1.169161 6.471413
9.930359 0.375582 5.746109
8.405905 0.243846 4.889937
8.833957 2.184481 6.061000
10.562765 -2.203528 7.065919
11.075374 0.565820 6.893683
7.893296 -0.516703 7.399119
7.998585 0.013214 5.868302
8.762154 -0.777500 6.289589
8.333815 0.163254 5.768622
8.567014 0.770253 6.958780
8.381443 0.323171 7.160907
8.722926 -0.085791 7.671648
11.206635 -1.695453 7.108219
9.613125 0.092074 6.723888
8.043477 0.367250 5.257976
10.136747 -0.816339 8.511867
9.920787 -1.215772 5.156896
9.638678 0.040495 9.419388
9.463411 2.003488 6.473062
8.726324 -0.473599 5.943274
8.647103 2.125347 7.791364
8.275281 0.490749 8.447754
8.364791 -0.281664 8.210163
9.721612 -0.168907 9.548391
9.008679 -1.850876 9.764305
8.473874 -0.492242 7.822651
9.153871 -0.117301 10.489917
9.182041 -0.132028 7.753988
9.136969 0.201534 10.047156
10.001717 -0.773883 6.493800
8.698672 1.358406 7.222688
10.427187 0.315922 6.839183
9.214765 1.561562 5.962505
7.954913 -2.157545 8.750056
9.927184 -1.048697 8.701119
10.033884 0.292267 8.570861
7.740635 -1.127635 8.468295
9.034688 0.830565 6.538224
10.215565 -2.509704 9.501285
8.459390 -0.843227 7.523310
9.120658 1.097435 8.677330
8.525605 -1.054825 8.961846
8.108436 0.287342 8.595144