-39.091024 -21.947434 5.632246 1 1
5.967781 5.514160 16.704732 1 2
12.597721 8.651739 27.360849 1 3
12.456289 -4.251096 27.783082 1 4
5.123354 -3.990537 16.049641 1 5
-50.963146 -14.852069 8.782694 1 6
-13.042391 -5.139580 23.427326 1 7
-12.284429 2.504298 42.814679 1 8
-4.996366 -11.238099 25.084887 1 9
-21.682333 -5.353078 15.932271 1 10
-22.979397 -20.456109 13.428170 1 11
3.273184 2.758250 23.781780 1 12
-23.493644 4.764415 23.544512 1 13
-14.608482 -18.442557 13.828987 1 14
-5.708816 -14.859726 29.418311 1 15
9.666084 -10.819050 23.867751 1 16
11.525611 -9.939118 28.411135 1 17
-5.158382 4.044346 25.438869 1 18
0.490758 -2.525787 22.688689 1 19
-16.386157 2.455665 18.996603 1 20
7.825464 -1.352308 29.985589 1 21
14.349967 -1.174993 32.285999 1 22
15.593899 -11.243605 30.771599 1 23
-2.243215 -5.305708 12.634088 1 24
-36.740776 10.448306 13.128448 1 25
-8.697678 2.202959 24.613026 1 26
5.269666 2.680835 21.023936 1 27
-16.065391 -8.135298 41.854969 1 28
-3.020775 2.920714 15.839711 1 29
-4.356436 -8.611882 20.830073 1 30
-24.702874 4.281412 20.722483 1 31
-43.205327 -18.313138 35.899933 1 32
-24.174443 -12.812492 24.505147 1 33
-4.375670 -8.536667 19.884332 1 34
27.344335 -6.778079 36.697813 1 35
5.714692 7.381400 38.771645 1 36
1.517525 8.967261 20.644585 1 37
-34.931075 11.293985 4.817573 1 38
-16.920736 -1.086239 28.931523 1 39
-0.860374 -2.311816 31.705120 1 40
-10.758913 -2.507231 28.741353 1 41
3.540344 -7.186060 28.367711 1 42
-26.254672 -8.053188 4.413494 1 43
-12.443377 5.108111 23.136003 1 44
7.041631 8.743592 24.122307 1 45
-6.371492 -26.494724 29.716278 1 46
-11.292779 -13.055169 24.254953 1 47
3.155090 -0.010611 19.059962 1 48
10.501674 13.561061 26.863527 1 49
-10.450243 6.632319 27.206828 1 50
-12.675968 -7.957605 15.018175 1 51
-30.218517 -19.262393 21.437100 1 52
15.108592 -8.945805 32.171557 1 53
8.349544 -31.091260 45.391833 1 54
0.498987 11.231425 30.470578 1 55
0.057947 -2.529333 21.961420 1 56
4.341822 0.094792 25.837934 1 57
15.343852 8.047540 30.022788 1 58
-32.737561 1.679324 8.641534 1 59
-36.750242 -21.910695 6.700241 1 60
-20.277513 0.085544 46.013388 1 61
13.739791 -0.032394 27.111326 1 62
0.068828 -9.731833 19.337305 1 63
2.229671 -10.053364 32.417441 1 64
-17.003059 -15.194480 22.900459 1 65
-23.850171 -16.914524 28.867587 1 66
-33.749433 -16.746809 14.168513 1 67
-5.982383 -5.470561 33.906473 1 68
-13.591714 -13.434160 13.568300 1 69
14.028462 2.829212 29.387166 1 70
-21.838688 4.541937 22.030534 1 71
8.767817 -7.937408 39.653190 1 72
12.569005 -7.621288 45.665084 1 73
5.615576 -12.826649 19.632382 1 74
-27.670770 -11.500350 19.344743 1 75
11.600684 -9.952907 35.093662 1 76
7.715017 -11.979357 24.475294 1 77
-14.839586 -4.721018 19.069363 1 78
-13.258187 7.665044 30.807509 1 79
-23.975416 -0.088879 28.583682 1 80
13.411312 -2.656172 27.300927 1 81
-19.865753 -4.798912 14.160761 1 82
-6.534395 -5.176886 23.834411 1 83
4.923863 -13.964220 24.361182 1 84
-13.336303 7.112830 36.348816 1 85
-16.428160 -18.884870 12.335075 1 86
-43.215344 -16.109114 18.820033 1 87
-2.824367 2.285399 24.442183 1 88
-22.522848 -6.026627 38.651732 1 89
-1.941229 -14.078408 20.343183 1 90
-23.077118 -0.906170 5.840449 1 91
-6.748981 -6.120732 32.911637 1 92
2.511669 -9.201749 34.890076 1 93
-25.534895 -5.996582 5.686611 1 94
-31.962665 -14.958879 24.673284 1 95
-8.042243 -0.055258 43.196966 1 96
-37.615064 4.085810 9.821984 1 97
-13.940792 -7.113988 21.986821 1 98
-0.153881 -18.490000 24.789415 1 99
-40.313480 -9.734511 5.114579 1 100
8.311422 -8.302326 34.702785 1 101
-2.915171 -7.886000 22.404500 1 102
-29.318562 -3.036291 36.063242 1 103
-11.957087 -11.551789 21.711596 1 104
-11.561069 -7.334653 22.220723 1 105
-18.983874 -0.154678 22.022675 1 106
-18.112905 -5.308275 12.258737 1 107
-18.849019 -16.414461 9.262499 1 108
-29.840138 -12.893107 14.648761 1 109
-21.111498 -8.527779 13.480023 1 110
-22.765254 -26.137255 16.663507 1 111
-23.484483 -11.182372 24.808528 1 112
-33.698431 -18.862618 13.373033 1 113
-20.170090 -8.995364 15.943372 1 114
-33.444459 -27.818312 21.445676 1 115
-33.510481 -20.416061 27.071708 1 116
-34.961642 -4.298351 23.496493 1 117
-49.442828 -20.659102 32.350734 1 118
-29.555692 -6.276393 22.644552 1 119
-22.406258 -14.433235 19.614427 1 120
-49.676113 -9.474637 19.962979 1 121
-41.683822 -2.830391 23.012977 1 122
-40.593756 -34.187342 14.899833 1 123
-38.840257 -34.712595 21.758320 1 124
-50.127454 -29.199459 31.547821 1 125
-41.986344 -11.024658 23.673251 1 126
-36.991697 -16.951952 24.999029 1 127
-38.754643 -29.621805 3.493578 1 128
-35.475284 -1.414282 25.182435 1 129
-39.961656 -15.533703 14.378904 1 130
-38.172969 -16.085898 30.046681 1 131
-48.574010 -29.837915 26.955769 1 132
-58.742533 -15.033122 5.764609 1 133
-58.856213 5.477584 16.700876 1 134
-27.706057 -13.814584 14.991346 1 135
-38.930909 -2.892315 10.486915 1 136
-43.450223 -22.121494 22.663353 1 137
-56.284972 -21.762972 22.515432 1 138
-36.144254 -10.979870 14.789429 1 139
-40.830496 -12.400669 28.081771 1 140
-45.864239 -12.025679 30.991009 1 141
-80.214248 -19.622891 5.993037 1 142
-41.008569 -23.581913 6.684643 1 143
-42.598970 -18.631138 26.840546 1 144
-47.823497 -16.458095 13.345201 1 145
-46.114028 -1.958267 24.628135 1 146
-63.521868 -8.244591 24.923102 1 147
-51.807324 -7.923284 22.929952 1 148
-57.409218 -24.407789 15.396335 1 149
-32.893843 -15.848951 16.923349 1 150
-46.143881 -6.572490 10.757788 1 151
-87.221876 0.901858 9.894514 1 152
-55.689454 -12.244151 30.550028 1 153
-48.422165 -11.512709 20.594230 1 154
-67.389103 -9.828687 19.963583 1 155
-57.121461 -32.043731 -4.731663 1 156
-72.480884 -17.750095 14.897038 1 157
-51.658947 -10.366903 1.962327 1 158
-44.667056 -16.947245 18.732441 1 159
-52.669490 -24.556739 25.364503 1 160
-63.173888 -2.910219 22.179892 1 161
-52.343835 -13.534450 13.210263 1 162
-47.532604 -7.860422 7.971621 1 163
-61.292693 -32.083774 6.298893 1 164
-56.161347 -22.049680 25.418589 1 165
-66.201897 -3.082533 29.844267 1 166
-56.159687 -13.471018 6.704505 1 167
-60.831481 -16.086179 12.139055 1 168
-70.120674 -13.576538 24.671767 1 169
-67.951452 -6.296642 11.037610 1 170
-81.928380 -1.899317 30.219379 1 171
-62.860606 -10.031393 30.715918 1 172
-71.813070 -5.532917 26.140204 1 173
-86.032577 -11.435163 28.058124 1 174
-76.987215 -8.289290 0.067255 1 175
-87.811020 3.270775 3.314746 1 176
-90.647592 -20.136571 14.993823 1 177
-92.854435 -9.544069 12.997951 1 178
-62.034685 -11.686515 5.351497 1 179
-66.264739 -20.615631 13.261331 1 180
-64.618275 -6.791856 13.514291 1 181
-82.722588 -31.328856 -0.820577 1 182
-63.152278 -18.233016 20.056583 1 183
-94.858872 -11.118993 8.693634 1 184
-78.594465 -13.966344 21.817632 1 185
-78.914198 7.855387 10.790232 1 186
-81.287808 2.770418 22.676079 1 187
-64.077773 -6.981737 9.210001 1 188
-62.109326 -12.302315 14.021081 1 189
-63.807756 -8.535064 13.005393 1 190
-70.390836 -18.093672 1.235430 1 191
-72.769623 -6.280457 26.924195 1 192
-68.285913 -2.092327 15.329618 1 193
-94.051443 -7.886733 16.719097 1 194
-73.424840 -11.912622 19.034729 1 195
-77.145596 -16.244921 19.195030 1 196
-81.998135 2.763726 4.577707 1 197
-74.151472 -25.294432 4.594400 1 198
-92.650103 -0.868166 5.029504 1 199
-86.280946 5.534954 33.688070 1 200
-81.377111 -5.831174 0.268759 1 201
-86.298249 6.549791 7.007476 1 202
-77.161789 -11.135548 8.123073 1 203
-74.751047 -13.442315 9.084333 1 204
-80.800886 -7.349794 4.009326 1 205
-94.587062 -1.231305 7.852547 1 206
-74.724731 -24.633251 7.343508 1 207
-69.459512 -19.247738 16.255229 1 208
-81.186252 -1.081105 6.342403 1 209
-92.455834 4.322002 -0.368913 1 210
-105.239069 -13.175155 1.489311 1 211
-105.068323 -12.025361 23.501612 1 212
-105.289054 -2.428987 31.627905 1 213
-99.188283 -24.284586 28.768226 1 214
-86.283817 -7.849727 22.386404 1 215
-81.170886 -5.556682 13.518490 1 216
-94.603417 8.544561 25.395521 1 217
-94.436857 -19.176692 16.629514 1 218
-111.432748 -18.667931 -3.643766 1 219
-100.978270 -33.594213 6.950550 1 220
-83.840824 -4.658613 12.512847 1 221
-94.182845 -22.972017 5.155367 1 222
-89.204322 -3.352799 16.383839 1 223
-88.815609 3.153622 28.550304 1 224
-81.852484 -13.364549 19.828713 1 225
-88.440068 -27.666577 8.520659 1 226
-90.651898 -8.977834 1.226036 1 227
-97.260017 -25.943399 27.500946 1 228
-103.622371 -0.410247 14.586107 1 229
-96.985870 6.680397 18.898915 1 230
-106.693110 -21.811183 21.377353 1 231
-99.790520 -22.473372 13.468489 1 232
-112.049999 -19.784127 2.703699 1 233
-84.955068 -6.574901 14.293624 1 234
-111.951708 -12.456927 -5.439486 1 235
-106.609697 -18.114981 -6.767734 1 236
-115.420167 -25.800353 16.651256 1 237
-108.375742 2.378199 23.291347 1 238
-95.361619 -11.454406 8.860518 1 239
-104.485202 3.491781 12.221723 1 240
-121.424843 4.056882 22.134516 1 241
-129.273456 -18.692896 -4.323785 1 242
-113.665031 -24.178620 14.523999 1 243
-103.538302 -12.416661 23.291609 1 244
-105.129781 -19.925518 -7.012355 1 245
-93.316266 -5.120899 16.793239 1 246
-119.664572 0.460935 23.312482 1 247
-107.034957 -7.642068 0.779403 1 248
-125.103150 -12.203499 -0.792765 1 249
-113.198556 1.789512 20.128255 1 250
-120.247670 5.701330 22.353020 1 251
-101.680502 -5.672989 25.897571 1 252
-115.275456 -22.500831 3.354783 1 253
-110.572804 -9.932134 8.015910 1 254
-122.691627 -18.290694 9.519490 1 255
-137.910277 -15.098357 13.554241 1 256
-113.969841 -9.719396 10.702446 1 257
-116.494437 -18.354567 16.946052 1 258
-148.594674 -13.571353 20.696171 1 259
-100.530027 -21.232485 12.732802 1 260
-128.325120 -7.953213 5.253741 1 261
-94.969863 -15.638550 12.446823 1 262
-106.857786 -15.463173 -1.374889 1 263
-113.811828 -2.103940 10.586236 1 264
-117.824738 -3.901196 10.107768 1 265
-110.271018 -16.911285 14.804118 1 266
-136.765025 -22.224681 4.794929 1 267
-119.220613 -7.409846 -0.143501 1 268
-111.497131 -18.437787 14.013670 1 269
-128.788232 4.487926 23.852671 1 270
-130.907423 -23.731161 7.868319 1 271
-127.241059 0.778724 -1.633167 1 272
-135.321676 -4.259989 14.738308 1 273
-120.643258 -21.474411 18.347967 1 274
-119.061220 2.772940 8.846956 1 275
-151.438799 0.330549 8.703632 1 276
-120.220418 -17.275542 6.419058 1 277
-129.007623 -21.818862 5.879441 1 278
-113.898161 -13.873778 19.411304 1 279
-111.916895 -8.517560 10.528034 1 280
-124.791398 -11.360441 20.229501 1 281
-124.046920 -15.327852 16.622307 1 282
-132.651062 -20.090983 19.954212 1 283
-135.432972 -29.248444 -5.382253 1 284
-144.843050 6.238690 8.998416 1 285
-126.490027 -22.743214 11.836184 1 286
-128.052401 -18.519639 -4.913315 1 287
-131.540764 1.704717 23.873316 1 288
-156.771047 3.710065 -3.468653 1 289
-126.999439 -23.294884 0.375420 1 290
-141.178288 -3.562834 -8.448701 1 291
-128.869066 -8.697148 19.623195 1 292
-129.503802 -7.233233 20.806889 1 293
-125.545053 -17.834279 6.015578 1 294
-133.813653 -26.531942 30.790609 1 295
-129.316972 1.831511 0.590439 1 296
-144.655047 6.911147 -4.705420 1 297
-158.998282 -20.976015 17.829284 1 298
-141.896253 8.163298 0.861357 1 299
-156.669520 -5.256076 -1.499359 1 300
-139.836855 -17.676516 18.086241 1 301
-134.181301 -9.774370 5.999175 1 302
-138.813586 -0.578438 16.056125 1 303
-152.532072 -11.574196 6.550287 1 304
-130.005411 -13.484119 12.053503 1 305
-139.014825 -0.774124 6.412136 1 306
-170.603432 1.885713 -7.350598 1 307
-143.007853 3.379060 2.094501 1 308
-150.054638 5.041909 16.372473 1 309
-149.016156 -21.041522 15.063186 1 310
-149.667987 7.259151 9.812212 1 311
-137.505493 7.125594 5.476059 1 312
-163.852732 0.866829 8.064178 1 313
-156.317606 0.636242 10.072846 1 314
-170.475307 -22.895045 4.221552 1 315
-146.398291 -15.277846 3.487413 1 316
-144.012670 1.044058 24.312160 1 317
-153.812245 -8.435961 3.010609 1 318
-151.583155 -21.199656 14.308359 1 319
-136.520148 -9.502397 10.608901 1 320
-175.602535 -20.657235 14.116087 1 321
-137.973456 -13.676741 9.343963 1 322
-173.386804 14.409179 15.807848 1 323
-137.839504 -14.331346 17.078996 1 324
-159.842181 2.728090 17.709437 1 325
-163.067502 -14.831320 5.416876 1 326
-173.071657 -17.335220 21.982462 1 327
-150.158066 -14.445806 27.191736 1 328
-168.055978 -9.856574 -4.196678 1 329
-158.970597 -11.732495 11.101724 1 330
-157.067281 -16.815459 -3.211335 1 331
-146.166902 -17.770126 0.964943 1 332
-149.847831 8.086230 19.021505 1 333
-162.995324 -17.681797 17.389675 1 334
-139.900623 -17.067951 20.473920 1 335
-161.409307 -0.446755 12.471594 1 336
-150.826295 9.650216 32.478776 1 337
-171.759972 -2.272208 5.660760 1 338
-154.837596 -16.228399 5.543275 1 339
-183.326005 -0.722050 12.435573 1 340
-159.902544 -21.415464 6.380974 1 341
-160.610925 0.569066 -1.207055 1 342
-170.418115 -19.942160 8.912210 1 343
-172.634644 11.576593 6.893879 1 344
-160.582394 -10.211354 27.200264 1 345
-149.486732 -3.487572 11.490334 1 346
-157.067356 -14.311177 13.656548 1 347
-168.393699 -18.712376 1.710405 1 348
-173.201214 -8.917920 5.303260 1 349
-180.525622 -4.909967 5.918562 1 350
-153.946980 -1.896134 15.773436 1 351
-172.347762 -14.546588 2.713572 1 352
-161.567843 -9.526253 17.061191 1 353
-164.484149 -17.716147 4.941718 1 354
-156.747373 4.592106 12.232066 1 355
-155.344047 0.181826 9.784784 1 356
-182.055524 -1.539246 12.448766 1 357
-184.292681 -11.535761 17.583399 1 358
-173.874544 -4.650173 20.692688 1 359
-179.075113 -13.760467 13.083501 1 360
-175.124312 -22.141841 13.347721 1 361
-186.519094 -0.545297 -1.975056 1 362
-179.783510 -6.479881 -7.711540 1 363
-176.459980 0.585022 17.789948 1 364
-176.260477 -20.539776 14.813302 1 365
-167.172966 -14.602673 7.676983 1 366
-207.544275 -2.489976 -0.086213 1 367
-169.101396 -14.066014 14.091899 1 368
-178.544690 11.576726 -2.738208 1 369
-202.412702 -3.027593 25.329162 1 370
-197.903293 -20.536600 9.019645 1 371
-234.859319 -0.624311 8.742533 1 372
-187.486008 -6.382915 -1.613312 1 373
-182.851522 -18.832376 -5.568733 1 374
-183.271989 -8.539387 15.689338 1 375
-185.850503 -3.416440 16.489555 1 376
-200.102767 8.861111 5.578901 1 377
-189.708656 -13.076563 24.632607 1 378
-178.965659 -9.437003 19.528413 1 379
-189.578416 -9.029070 24.605878 1 380
-186.988341 5.955738 12.698878 1 381
-185.051609 5.982608 8.539175 1 382
-189.743795 -11.041401 7.953919 1 383
-187.851863 -5.071170 14.397376 1 384
-209.557831 -9.237294 -10.159858 1 385
-183.155394 -0.695761 21.253783 1 386
-197.182392 -16.854314 14.861709 1 387
-181.726209 -13.105644 6.326626 1 388
-184.507575 -14.060283 1.477105 1 389
-185.960963 -4.549059 17.092415 1 390
-173.831699 0.680057 8.279071 1 391
-205.236363 6.833164 14.642788 1 392
-197.586786 -17.663343 2.269662 1 393
-192.791518 -19.798043 2.453034 1 394
-172.342701 -10.876979 6.316668 1 395
-206.772378 -16.636600 14.488306 1 396
-179.580668 -2.976982 13.416737 1 397
-230.042555 7.948469 -1.246413 1 398
-189.787717 -19.095341 4.772814 1 399
-197.681635 -19.792541 -0.800665 1 400
-217.890643 -16.408896 11.704656 1 401
-203.565673 -15.226281 25.140300 1 402
-196.800087 -16.525182 17.803243 1 403
-208.559088 -10.965021 10.528015 1 404
-202.575579 -19.414740 23.333777 1 405
-199.025181 9.089345 -2.226339 1 406
-202.634247 0.033662 17.582926 1 407
-195.719253 -27.290888 -2.502956 1 408
-232.103856 -0.311717 8.937148 1 409
-207.835393 15.551721 19.296679 1 410
-200.426481 -0.076875 13.960682 1 411
-214.684739 2.314755 12.733370 1 412
-223.369318 5.421959 7.697881 1 413
-213.098033 0.947950 21.404564 1 414
-202.571063 -15.207945 12.213183 1 415
-202.366190 -7.252660 -4.376039 1 416
-197.799212 -6.103544 9.985778 1 417
-200.939343 -11.706096 17.695732 1 418
-217.422852 -1.041916 8.998740 1 419
-200.171807 -2.962302 8.462955 1 420
-216.619655 -17.008807 -5.891643 1 421
-208.962133 -7.412985 18.401771 1 422
-205.901876 12.687447 -4.485052 1 423
-217.178136 -3.068350 2.982732 1 424
-207.206744 6.787019 28.625380 1 425
-213.920639 -6.864156 16.042275 1 426
-223.505272 -12.329473 -7.788448 1 427
-207.623537 -8.182580 -0.385157 1 428
-201.547452 -12.236256 -2.512317 1 429
-220.999940 -11.482316 3.374263 1 430
-224.097252 -22.448876 20.801496 1 431
-195.887766 -0.586822 11.695841 1 432
-215.181024 17.342513 10.689771 1 433
-210.920053 11.726390 2.259230 1 434
-214.855449 -14.251007 12.928098 1 435
-221.131968 -2.802109 17.559766 1 436
-211.283082 -7.865184 20.578280 1 437
-207.582833 -16.553096 11.627969 1 438
-206.129493 -18.013680 3.024610 1 439
-212.402611 12.196747 6.576889 1 440
-226.148627 -21.715326 13.511710 1 441
-216.946937 2.014377 1.978025 1 442
-204.635357 -14.489635 12.967490 1 443
-223.141769 -8.950668 -10.096643 1 444
-228.312236 3.109406 9.417209 1 445
-198.216566 -13.650745 12.808220 1 446
-222.081769 -18.586060 17.656625 1 447
-220.779250 2.681732 1.410118 1 448
-215.295043 -7.845367 25.058459 1 449
-204.783637 6.412714 -3.734581 1 450
-209.857938 14.115150 -11.259842 1 451
-212.151708 2.593842 -1.368858 1 452
-246.740428 9.745897 9.087135 1 453
-254.604095 1.437034 23.968650 1 454
-208.233097 7.874054 17.939166 1 455
-198.892247 2.293133 9.335695 1 456
-217.049693 4.899184 21.176659 1 457
-200.974393 -5.227382 13.284902 1 458
-220.759234 7.183134 -2.346663 1 459
-251.391061 0.505627 13.090119 1 460
-219.396788 6.117352 9.489527 1 461
-247.427954 -1.448760 10.251748 1 462
-225.359411 -10.381665 14.969704 1 463
-226.740851 8.481359 16.680077 1 464
-216.901774 9.482844 -1.710072 1 465
-225.387926 -8.936046 28.637021 1 466
-236.841753 1.702339 14.991409 1 467
-212.182277 -5.843471 15.118612 1 468
-223.161907 -1.975328 17.649884 1 469
-250.285989 20.082422 27.106278 1 470
-222.140887 -7.612692 -8.434819 1 471
-218.345979 -18.453612 23.150284 1 472
-232.196258 -19.459615 12.432605 1 473
-209.508995 -2.019403 4.098495 1 474
-234.280147 -8.682667 9.435044 1 475
-216.274623 -2.684904 8.665783 1 476
-228.127907 -9.435366 9.102841 1 477
-236.305214 6.073055 29.173970 1 478
-227.003563 9.381671 10.144464 1 479
-245.123721 -1.352781 29.161742 1 480
-227.017658 7.014274 6.314991 1 481
-236.828857 6.942298 -11.309093 1 482
-231.626162 -15.295918 1.403295 1 483
-226.272401 1.456684 19.183678 1 484
-237.458846 -14.221958 19.632711 1 485
-244.015653 1.357964 2.636619 1 486
-238.311875 3.260210 -8.159646 1 487
-220.594412 -2.405641 12.732590 1 488
-234.052900 -1.768332 6.386732 1 489
-222.617571 -10.591489 6.853662 1 490
-230.143746 -5.133450 19.119041 1 491
-240.811590 9.726200 16.156710 1 492
-243.404242 4.848056 6.611702 1 493
-234.242326 -0.533462 12.935237 1 494
-242.701061 -2.720300 27.875180 1 495
-238.663859 -0.123935 -2.112550 1 496
-254.702763 -11.446225 10.131514 1 497
-236.900996 -5.256911 -4.352150 1 498
-280.914107 7.215790 -0.595777 1 499
-243.578336 -20.112941 16.979762 1 500
-252.788360 -11.482057 6.722616 1 501
-255.757364 7.478586 12.507541 1 502
-248.119719 -19.668962 8.328772 1 503
-237.728147 0.264045 5.386381 1 504
-236.174812 -9.372499 17.625976 1 505
-252.798950 -13.420063 12.523406 1 506
-248.203871 -3.719337 3.774617 1 507
-247.788326 9.053776 6.198450 1 508
-249.508402 -10.365894 15.339549 1 509
-237.584484 -9.445490 8.430482 1 510
-241.956720 -10.466325 21.659011 1 511
-268.594009 -17.753101 -6.593435 1 512
-253.090527 -16.517355 8.123952 1 513
-246.835266 2.186084 -5.121880 1 514
-262.088646 -5.315663 29.410606 1 515
-253.573530 -7.125119 7.539488 1 516
-254.717640 -7.820784 1.137046 1 517
-245.687824 -5.590031 13.732254 1 518
-250.925605 -6.647660 5.854833 1 519
-269.086875 10.897147 15.872545 1 520
-242.704026 0.421624 2.038356 1 521
-252.313583 2.842783 16.320510 1 522
-260.911296 -20.823175 13.918950 1 523
-243.610920 -5.008031 12.413354 1 524
-259.979047 -9.269059 -7.791942 1 525
-244.241114 -5.122930 23.461986 1 526
-256.631902 13.153531 5.757533 1 527
-243.293476 -15.705056 -1.271982 1 528
-271.677630 2.230703 7.543610 1 529
-255.806046 -22.057411 17.009814 1 530
-245.370068 -8.429266 20.762977 1 531
-256.936839 -2.474447 21.527035 1 532
-268.467320 -18.668880 -2.445360 1 533
-279.219623 -2.213883 7.132989 1 534
-260.187569 4.357604 9.688083 1 535
-289.881686 15.019480 21.742349 1 536
-257.052031 -2.013197 -1.806579 1 537
-250.905706 -4.882415 15.618849 1 538
-255.051457 -9.731809 0.344573 1 539
-277.422868 2.673161 0.852284 1 540
-265.140795 -15.890406 21.683579 1 541
-259.887488 2.387255 5.100161 1 542
-265.851801 -8.783759 5.749654 1 543
-268.756491 18.642481 -6.329329 1 544
-276.249114 -18.785480 20.301394 1 545
-268.311166 -8.146111 -6.528869 1 546
-272.286310 -13.087635 20.495106 1 547
-272.886976 -6.043605 5.151198 1 548
-261.337363 1.877353 59.932181 1 549
-269.599674 -1.287966 3.964095 1 550
-266.389511 5.253749 6.319624 1 551
-277.624365 -7.657974 23.365485 1 552
-284.976016 -15.361480 20.011962 1 553
-267.721680 -1.319216 18.820506 1 554
-274.648440 3.297102 17.386715 1 555
-280.035950 2.521085 16.658721 1 556
-278.566680 -10.356256 0.982211 1 557
-266.827575 -2.914487 6.304092 1 558
-271.579864 -7.323388 21.530665 1 559
-296.107296 11.947017 -5.380049 1 560
-270.607930 -10.907434 11.744415 1 561
-298.411052 -2.982965 11.707059 1 562
-296.920521 17.940476 11.986780 1 563
-287.682936 -7.225227 7.325493 1 564
-281.727374 12.085602 16.841592 1 565
-265.815354 -9.283367 4.273126 1 566
-284.104329 -1.908503 14.490263 1 567
-279.724564 11.888797 -1.158340 1 568
-274.466823 0.174161 7.816520 1 569
-276.827138 -7.596128 10.296042 1 570
-282.573606 6.430617 18.574687 1 571
-296.029955 -5.750621 14.652517 1 572
-280.777316 -15.300931 5.504191 1 573
-292.617148 -12.974805 -14.178114 1 574
-286.815017 3.147230 -1.024793 1 575
-329.412746 -8.749317 -9.732587 1 576
-303.997634 2.105656 -6.177405 1 577
-279.481649 -3.563341 18.125054 1 578
-291.835456 -2.584557 14.316559 1 579
-310.123953 -0.050549 18.522367 1 580
-295.111699 2.370121 20.867842 1 581
-293.556658 21.263033 11.378748 1 582
-274.456075 1.125128 10.487269 1 583
-305.685756 -5.304366 9.604807 1 584
-298.232306 0.898831 -1.104775 1 585
-305.668012 10.185195 -6.930357 1 586
-299.427145 7.080082 10.454531 1 587
-278.893141 3.274354 15.145071 1 588
-282.591979 3.718832 12.537644 1 589
-303.459503 12.637828 -2.402360 1 590
-304.329852 6.303839 11.724591 1 591
-307.001743 -6.100325 -11.583808 1 592
-292.605956 15.610021 -3.564513 1 593
-280.400282 1.614510 11.686627 1 594
-291.104232 -13.520771 -6.868944 1 595
-306.807631 1.257387 16.900320 1 596
-300.710880 -7.939086 13.673685 1 597
-290.650984 0.874174 17.365255 1 598
-296.100274 -2.654799 5.588155 1 599
-301.025905 -12.919413 -4.095193 1 600
-307.234922 7.692111 -6.180034 1 601
-283.597895 2.007462 10.919135 1 602
-293.317860 12.766378 21.949688 1 603
-303.821513 -3.050799 23.284062 1 604
-313.383285 5.010742 24.035479 1 605
-304.198010 6.337658 -5.961005 1 606
-307.926984 10.521268 14.574063 1 607
-305.088663 9.104905 11.196337 1 608
-305.668487 9.695341 -0.307144 1 609
-304.553575 4.302868 18.104216 1 610
-319.755529 18.924620 -3.688130 1 611
-323.664009 4.288508 22.715775 1 612
-299.992703 -6.386684 5.918700 1 613
-323.297358 -13.794528 7.419064 1 614
-305.671087 4.648361 -5.446872 1 615
-338.160995 -10.208025 -7.300318 1 616
-299.995434 -3.786525 -4.477144 1 617
-314.344633 -1.664348 -6.497577 1 618
-299.731087 -8.679845 0.132388 1 619
-316.294717 2.187446 14.381276 1 620
-300.873582 3.315211 7.359723 1 621
-336.927635 -12.826391 18.340767 1 622
-322.189870 5.180780 -2.080123 1 623
-322.594590 -10.499643 12.165287 1 624
-303.207995 7.061240 6.394675 1 625
-322.713898 -19.955485 10.539204 1 626
-317.925506 -8.964720 0.339966 1 627
-325.823970 4.192310 13.628510 1 628
-316.975425 -11.910270 22.314687 1 629
-321.153827 2.981146 -3.549264 1 630
-319.404653 -5.124647 -4.678360 1 631
-303.978334 -0.463504 16.603167 1 632
-301.825294 5.819216 6.285643 1 633
-307.445179 11.226730 0.785445 1 634
-318.458554 -9.366600 4.671399 1 635
-323.865641 3.739747 6.285056 1 636
-334.358285 5.472945 22.372206 1 637
-318.273100 10.175687 12.809839 1 638
-338.138105 -2.007237 1.773927 1 639
-343.293854 -17.758008 5.377894 1 640
-329.844535 -10.384318 26.192718 1 641
-324.549900 -3.219566 1.224744 1 642
-339.739974 7.133622 -4.337192 1 643
-331.934923 12.533330 18.409321 1 644
-338.477179 1.500581 -2.640330 1 645
-322.227378 -1.344613 3.716077 1 646
-312.349755 -3.018067 12.721204 1 647
-327.079242 -6.149775 7.514430 1 648
-332.961970 18.912772 -9.683548 1 649
-323.091893 13.046146 22.844395 1 650
-355.066399 3.794515 -4.359567 1 651
-329.368615 -7.170383 12.527646 1 652
-324.264995 -9.630300 -1.800181 1 653
-336.192144 12.613166 -2.511836 1 654
-343.564705 1.560254 22.485616 1 655
-330.206590 17.136342 28.780841 1 656
-346.203752 -1.496673 9.022438 1 657
-332.925567 3.514570 22.468295 1 658
-326.876121 7.308638 16.996225 1 659
-319.234797 2.303291 -2.473413 1 660
-324.969238 -10.452884 -6.029305 1 661
-345.039000 4.224740 11.202134 1 662
-343.808142 -16.111443 -2.663974 1 663
-321.119009 6.459318 7.632006 1 664
-335.523839 9.652057 19.773713 1 665
-343.062603 -4.341548 1.924040 1 666
-325.863183 -1.467233 6.595517 1 667
-337.405649 2.033187 3.478055 1 668
-339.163327 -8.381628 16.542026 1 669
-349.290356 3.909927 10.847464 1 670
-332.819823 8.313950 13.283885 1 671
-332.239350 -8.353322 15.985961 1 672
-333.007379 -0.173073 14.757115 1 673
-332.037471 -3.169757 3.176391 1 674
-342.866379 12.022485 58.256119 1 675
-326.829426 5.965543 11.251433 1 676
-343.104331 2.085212 14.073413 1 677
-346.105922 -10.987193 8.640649 1 678
-353.065962 19.368881 12.595470 1 679
-356.912374 -5.763583 5.489784 1 680
-347.020891 -12.890985 21.713158 1 681
-351.805125 -2.747122 -12.968774 1 682
-339.478614 -5.046181 -1.381157 1 683
-356.552888 13.264248 20.077558 1 684
-374.474270 13.565100 12.144278 1 685
-342.725230 1.251630 6.139422 1 686
-346.463171 13.124096 -0.179684 1 687
-360.484328 -13.717165 2.793890 1 688
-350.289695 -15.306963 20.544627 1 689
-357.480001 -12.171869 18.434317 1 690
-363.714554 0.252204 19.806005 1 691
-348.138837 13.210638 -8.481375 1 692
-369.341606 -8.497918 -0.185741 1 693
-348.606444 -6.161321 4.219128 1 694
-344.392935 -1.593900 9.627578 1 695
-352.263785 5.990178 -0.788220 1 696
-355.272822 2.208160 6.434455 1 697
-354.710968 6.869688 14.397170 1 698
-354.608422 -11.421811 -3.612429 1 699
-360.457583 -11.733827 -2.686879 1 700
-373.247211 12.979531 15.577740 1 701
-345.113111 -3.856773 8.134198 1 702
-381.270000 -9.046128 28.330062 1 703
-351.037545 5.184812 4.217061 1 704
-371.226369 15.963224 -0.043553 1 705
-374.693900 -11.530695 -8.540146 1 706
-374.404714 22.406671 16.743051 1 707
-354.983482 4.583143 -0.574718 1 708
-341.355866 7.208725 58.586648 1 709
-368.875236 12.686675 20.701204 1 710
-360.655479 0.422188 1.173416 1 711
-383.300957 9.049419 -8.637688 1 712
-349.412165 3.169290 8.213408 1 713
-369.307761 15.571019 14.078583 1 714
-380.014336 13.778194 -12.869999 1 715
-364.895484 1.138877 21.494553 1 716
-361.588357 6.731892 12.342342 1 717
-395.396211 13.722063 20.661540 1 718
-356.764056 -4.365974 -2.332358 1 719
-378.777543 -14.366189 0.626959 1 720
-374.689142 0.073109 -1.554620 1 721
-379.633259 -9.708917 35.939743 1 722
-361.710148 8.738273 -1.889534 1 723
-370.326964 9.435485 3.600731 1 724
-391.971596 22.268267 3.062996 1 725
-374.978878 -5.012623 -1.124433 1 726
-375.617884 12.481606 11.414669 1 727
-386.711101 7.831364 -4.142996 1 728
-376.226616 -6.683967 33.097303 1 729
-384.504628 16.007770 -3.286664 1 730
-383.847307 17.251368 2.819792 1 731
-374.779557 -9.257061 -10.694759 1 732
-370.785091 -4.783963 -11.836887 1 733
-372.001427 2.112254 1.780597 1 734
-399.333764 7.882006 25.028751 1 735
-390.781215 -6.064041 39.972555 1 736
-392.359235 -6.246395 12.835808 1 737
-371.542260 8.098882 -3.240186 1 738
-377.172817 5.438211 30.603453 1 739
-370.477595 -3.939570 -9.907458 1 740
-391.482180 0.784346 25.714943 1 741
-376.393625 21.956908 33.415002 1 742
-387.375389 11.214815 18.399926 1 743
-369.273958 14.122607 12.051189 1 744
-369.569721 0.132958 -3.339401 1 745
-383.320534 10.540599 32.243239 1 746
-380.721631 -7.736907 10.174921 1 747
-384.205290 -4.739594 0.331773 1 748
-397.851457 13.712869 6.152304 1 749
-385.029624 25.732325 44.159285 1 750
-377.619007 9.564853 11.664778 1 751
-391.170741 -9.314474 12.131981 1 752
-378.449474 0.510973 15.458570 1 753
-386.461203 -1.069784 1.129088 1 754
-384.927340 11.700826 7.549028 1 755
-366.062713 7.142856 4.657789 1 756
-381.422609 8.748596 -6.385141 1 757
-372.919565 -9.965969 48.323130 1 758
-403.809253 10.563032 8.265884 1 759
-391.296887 2.231334 13.779322 1 760
-378.987744 0.724330 4.979409 1 761
-384.305919 2.668524 2.990797 1 762
-392.953709 14.645369 34.533746 1 763
-374.754938 7.866295 9.616190 1 764
-377.079743 14.582910 10.021317 1 765
-374.830832 6.795388 1.078280 1 766
-391.730014 1.964520 19.589516 1 767
-397.346233 15.545855 0.907895 1 768
-390.189040 -3.704696 -8.101563 1 769
-391.298407 15.127672 1.843126 1 770
-394.450363 -8.280555 21.208183 1 771
-381.880687 -7.966941 -5.371777 1 772
-381.374307 12.655840 16.849797 1 773
-378.157208 6.052005 4.148951 1 774
-385.084184 5.685522 10.614362 1 775
-395.575512 0.067391 15.035055 1 776
-396.569628 14.111908 7.183220 1 777
-387.623450 21.913246 13.922127 1 778
-387.518062 6.442477 12.215111 1 779
-394.686816 -9.361808 25.315318 1 780
-383.510557 9.799502 5.955577 1 781
-375.451831 -11.685890 34.132985 1 782
-364.222036 8.562493 52.409628 1 783
-389.853179 -5.189063 3.724108 1 784
-381.773945 -5.588821 24.252539 1 785
-390.782190 -1.366771 6.016477 1 786
-400.831518 10.942952 23.332783 1 787
-395.173022 21.846286 27.269419 1 788
-394.045833 -12.568406 21.271572 1 789
-393.018717 1.786719 29.437659 1 790
-391.209930 1.933609 15.593933 1 791
-388.211898 -0.507950 28.937177 1 792
-391.526761 4.608516 11.555615 1 793
-385.339863 12.607270 22.018979 1 794
-394.485356 11.863409 31.483303 1 795
-385.489066 13.951829 23.220238 1 796
-382.834017 7.642883 23.152367 1 797
-386.592006 18.458794 44.054076 1 798
-404.611877 8.502267 19.001217 1 799
-375.613915 -1.101212 55.551646 1 800
-401.800533 9.065107 28.616452 1 801
-376.273696 22.957729 55.078666 1 802
-386.125075 4.650795 21.459198 1 803
-390.332050 -13.151013 37.177128 1 804
-404.210587 -12.416775 28.272120 1 805
-370.109370 -5.723299 49.981092 1 806
-390.492363 -1.078146 23.829765 1 807
-376.794815 13.350976 41.073489 1 808
-384.988768 8.166146 33.946949 1 809
-397.619704 -13.873107 41.341915 1 810
-375.622240 10.479205 47.937233 1 811
-378.442703 -2.822072 30.210778 1 812
-372.642737 0.522924 41.037823 1 813
-380.912043 -2.898190 31.941347 1 814
-397.485424 -8.042616 44.574520 1 815
-377.107177 0.488408 49.546849 1 816
-391.966054 2.313807 44.682415 1 817
-396.280071 -1.936317 33.606187 1 818
-391.786884 1.322687 43.917164 1 819
-374.254223 16.952858 44.837607 1 820
-388.264529 6.296845 44.971288 1 821
-372.429119 8.794819 50.171776 1 822
-384.250861 -9.254571 48.301360 1 823
-380.857305 12.990683 41.758793 1 824
-396.301700 2.088937 47.065463 1 825
-384.863011 9.359037 56.645009 1 826
-403.755056 -12.032117 65.672532 1 827
-366.974455 19.797561 49.602965 1 828
-374.356233 -3.654643 47.839381 1 829
-397.741105 10.955754 62.778745 1 830
-399.447295 -7.772700 74.591346 1 831
-384.292091 8.018524 52.872430 1 832
-386.849216 17.252425 64.012991 1 833
-373.056444 -3.566472 69.157813 1 834
-382.051046 8.368403 62.154815 1 835
-392.061176 8.745785 46.615912 1 836
-385.449210 14.024728 58.011568 1 837
-399.935265 7.261057 55.883670 1 838
-379.809152 -7.752752 44.835017 1 839
-377.552733 1.962562 51.915115 1 840
-376.422888 4.173833 61.032740 1 841
-379.943091 -0.446410 69.508414 1 842
-397.766657 9.172232 51.488581 1 843
-389.717607 1.278787 47.328547 1 844
-386.407511 15.207496 83.749848 1 845
-369.650516 20.487446 55.404025 1 846
-389.296177 0.577093 62.631609 1 847
-371.239083 -5.862035 52.606910 1 848
-385.884220 3.615246 81.687790 1 849
-394.050891 10.602047 80.509275 1 850
-399.886220 -11.140654 67.128447 1 851
-402.225867 -10.677507 47.502397 1 852
-389.643519 8.950440 52.919707 1 853
-407.156339 -5.315701 73.174066 1 854
-397.020062 8.446146 62.306422 1 855
-383.157635 5.827265 42.738408 1 856
-376.092674 -2.095777 71.615382 1 857
-402.209280 -12.822331 78.591374 1 858
-399.998245 -0.862380 65.855160 1 859
-405.258162 8.311921 66.854779 1 860
-401.071569 14.024719 55.024122 1 861
-398.579000 -6.070466 77.236776 1 862
-399.285588 -0.373262 68.605370 1 863
-351.188116 8.990974 71.862145 1 864
-368.703164 18.956554 75.749809 1 865
-373.596846 -3.581580 54.607160 1 866
-394.920705 0.700794 66.377931 1 867
-386.439899 -5.471677 56.298268 1 868
-393.227628 6.604114 55.815100 1 869
-401.995998 16.824960 64.400781 1 870
-374.394793 13.378047 83.451116 1 871
-374.912666 5.938734 79.328758 1 872
-389.650488 -6.682044 60.931928 1 873
-376.386886 1.466005 77.398653 1 874
-371.370043 9.505932 62.141069 1 875
-397.245924 -2.038869 80.695261 1 876
-394.560681 10.988027 91.783920 1 877
-367.736440 -3.547238 70.189642 1 878
-394.354899 17.884992 88.240012 1 879
-386.196209 26.197058 80.059450 1 880
-376.134235 7.553007 69.791547 1 881
-399.029474 18.944188 75.861128 1 882
-388.533679 24.027652 98.125525 1 883
-386.831768 10.196796 71.321591 1 884
-406.938175 23.513142 80.572608 1 885
-381.031344 -12.410157 71.559911 1 886
-383.747609 11.354174 77.362817 1 887
-375.256511 3.985178 82.251151 1 888
-371.331355 5.482726 83.950852 1 889
-378.398114 22.649454 76.128188 1 890
-344.572236 -13.910315 65.620431 1 891
-389.943966 14.339685 84.561018 1 892
-390.075991 17.086952 70.898983 1 893
-398.584464 1.276126 83.197353 1 894
-389.755848 -7.585164 93.524619 1 895
-384.772605 13.974336 84.078308 1 896
-378.665071 1.911813 63.671960 1 897
-360.481259 3.341979 72.315865 1 898
-360.267655 17.008031 77.537122 1 899
-388.799598 -9.803033 78.294842 1 900
-378.836520 4.530799 70.915425 1 901
-401.889649 7.667938 86.778169 1 902
-381.744067 8.209731 69.030416 1 903
-385.584055 0.565307 85.058874 1 904
-388.713614 3.557796 71.094016 1 905
-378.587302 7.729103 84.623444 1 906
-372.288259 0.283357 81.471934 1 907
-364.879009 -8.309673 78.437589 1 908
-384.066342 9.288944 77.001296 1 909
-387.376360 -0.165342 84.825579 1 910
-378.881181 3.998640 72.771465 1 911
-377.431294 12.946029 88.759251 1 912
-383.311363 -6.815400 81.764572 1 913
-376.257525 -0.824223 76.228137 1 914
-378.143909 4.950109 86.328618 1 915
-337.485013 20.391332 98.737329 1 916
-383.666061 9.395208 97.881679 1 917
-373.003555 12.139597 83.856153 1 918
-369.644939 7.199145 77.789795 1 919
-363.253877 14.415028 102.134665 1 920
-364.001432 10.120578 98.204434 1 921
-379.731449 4.726804 78.889134 1 922
-387.378038 4.909346 83.459169 1 923
-368.074861 12.914685 78.406204 1 924
-345.086513 -8.607044 62.488229 1 925
-309.370743 0.081215 66.031780 1 926
-356.909908 -0.314000 69.278873 1 927
-374.667978 9.686580 77.408298 1 928
-369.206178 -14.226771 88.319422 1 929
-360.040256 18.109183 77.403578 1 930
-364.963581 3.732292 90.819196 1 931
-357.473891 -8.335603 87.575906 1 932
-374.051401 4.799836 94.889232 1 933
-372.640536 -1.368788 83.266248 1 934
-366.233861 -5.710949 85.217449 1 935
-364.857515 13.642061 85.434063 1 936
-367.789685 5.585275 86.196084 1 937
-367.527479 -8.978370 84.276291 1 938
-358.667739 -2.917037 69.609868 1 939
-353.905403 18.645746 102.511435 1 940
-372.389995 -4.007744 97.783832 1 941
-363.218885 -4.145094 86.327073 1 942
-359.883138 6.334764 84.525662 1 943
-373.682857 -5.144807 87.724125 1 944
-364.679960 -9.383953 95.325951 1 945
-362.670358 6.887066 92.039952 1 946
-349.789946 -1.567710 85.129692 1 947
-374.304055 10.290484 96.980888 1 948
-367.409316 -6.162285 85.484068 1 949
-349.986767 -2.216437 75.716953 1 950
-361.613562 18.082989 93.925591 1 951
-360.916609 11.639065 92.237133 1 952
-352.408203 11.625651 75.590540 1 953
-367.548731 -9.299511 91.921159 1 954
-349.921406 2.028882 79.639826 1 955
-353.232638 -8.653849 83.876843 1 956
-350.776712 -15.020750 79.092207 1 957
-343.563691 -12.185215 67.759507 1 958
-361.025254 -0.001003 75.399529 1 959
-350.682941 -9.533170 77.793276 1 960
-360.060297 7.125226 78.598317 1 961
-350.171374 6.569370 92.046463 1 962
-349.949722 -3.612071 68.402979 1 963
-338.428651 -4.694894 90.234735 1 964
-339.657096 -18.104121 89.078372 1 965
-349.308297 20.884524 80.988873 1 966
-353.502759 3.451528 93.448586 1 967
-359.559966 -4.566589 77.481695 1 968
-353.410468 10.160710 68.332095 1 969
-360.748836 9.374421 75.510951 1 970
-349.226603 21.736193 99.477860 1 971
-340.888969 11.125474 79.345950 1 972
-335.436956 -3.512589 64.580530 1 973
-356.163360 -6.906924 76.509231 1 974
-353.882362 -6.831132 74.819888 1 975
-335.229174 -17.512135 103.242747 1 976
-347.386510 -10.551383 90.981964 1 977
-352.636308 -5.478906 70.625727 1 978
-347.156725 -10.808225 83.532743 1 979
-342.137172 19.292508 81.517781 1 980
-316.397644 17.758907 93.501237 1 981
-340.101303 25.639258 60.104343 1 982
-350.998077 9.883695 74.711828 1 983
-345.153794 -5.213112 85.292700 1 984
-331.685788 -12.115827 65.289527 1 985
-338.632861 -9.988749 72.985677 1 986
-336.879168 -3.307220 72.351044 1 987
-338.284088 -17.317244 84.149180 1 988
-343.706121 14.581831 89.244105 1 989
-350.110312 7.736755 83.569279 1 990
-324.137048 8.561658 69.383228 1 991
-332.054801 20.075445 84.383082 1 992
-343.867071 14.033347 74.580586 1 993
-348.641722 -2.676351 90.730243 1 994
-332.863310 -12.398729 93.907065 1 995
-325.309545 -11.228679 76.838467 1 996
-337.728820 -12.057359 75.209066 1 997
-338.484870 -0.509071 85.750845 1 998
-337.141934 7.675626 61.108249 1 999
-340.520125 3.037427 85.038412 1 1000
-321.370541 -2.030799 81.349511 1 1001
-317.487149 -2.801774 76.899224 1 1002
-341.118433 8.102801 90.163708 1 1003
-330.814735 8.950074 68.837309 1 1004
-317.297484 5.932971 66.408071 1 1005
-339.710949 -0.067805 89.814053 1 1006
-340.644261 -0.199882 91.098728 1 1007
-326.315035 11.561692 74.324216 1 1008
-333.526740 -4.371967 72.615202 1 1009
-321.588317 16.948671 95.838906 1 1010
-326.347963 8.910885 81.095525 1 1011
-334.229154 2.444608 72.576382 1 1012
-320.384952 4.959830 59.851512 1 1013
-328.943678 1.858674 78.641139 1 1014
-342.389582 3.545382 75.429681 1 1015
-329.665781 3.950091 92.618329 1 1016
-329.919413 -11.605537 77.298077 1 1017
-322.160835 16.202147 79.601367 1 1018
-325.354122 -14.659607 82.994133 1 1019
-305.536891 19.727698 85.228293 1 1020
-317.178620 -7.319713 77.191671 1 1021
-320.874058 -3.138192 87.942278 1 1022
-333.160392 -8.381727 81.169285 1 1023
-337.779982 -5.206072 70.616189 1 1024
-335.142718 13.831860 74.166470 1 1025
-314.373240 -7.215814 82.359578 1 1026
-325.459107 -10.511968 86.637298 1 1027
-331.263758 -3.882850 78.877765 1 1028
-324.470714 -3.100120 101.364441 1 1029
-323.715584 5.431950 78.198209 1 1030
-328.165592 2.924313 91.485550 1 1031
-322.315604 -4.462944 99.393741 1 1032
-328.548376 -10.236715 72.310768 1 1033
-319.653270 19.930016 69.804822 1 1034
-314.492407 -4.154227 96.868864 1 1035
-331.295605 3.790243 77.649109 1 1036
-317.361980 21.662022 90.067157 1 1037
-323.558657 -0.815331 87.360139 1 1038
-312.049740 -9.924099 97.480098 1 1039
-329.679150 -4.915570 86.617684 1 1040
-320.154688 8.473300 94.769656 1 1041
-313.223709 4.444637 63.651238 1 1042
-305.384531 -4.246577 83.069477 1 1043
-307.415872 -8.245430 71.564404 1 1044
-315.238589 -18.727807 90.151633 1 1045
-331.484323 3.642600 83.040546 1 1046
-300.842440 -10.125209 79.173779 1 1047
-299.134248 18.634348 65.741325 1 1048
-319.027667 -8.570170 86.978544 1 1049
-310.977590 20.676229 77.544629 1 1050
-323.939108 -0.422216 79.860460 1 1051
-307.265541 9.005039 81.494697 1 1052
-314.630404 14.076205 92.357756 1 1053
-301.713567 2.383341 90.820383 1 1054
-309.405187 22.644463 70.605156 1 1055
-293.870793 13.083707 81.020254 1 1056
-317.355899 -4.687458 86.825661 1 1057
-307.419887 6.699107 82.605175 1 1058
-319.585808 4.924342 83.168290 1 1059
-316.106982 -10.816140 88.150356 1 1060
-304.035041 -16.859837 76.362425 1 1061
-302.799509 -10.520004 83.373206 1 1062
-302.194931 -6.727278 79.303323 1 1063
-308.549143 17.544230 75.388354 1 1064
-302.867039 6.559359 65.412238 1 1065
-295.446628 0.038436 83.804142 1 1066
-321.018236 7.015152 74.782133 1 1067
-313.354989 -2.487676 79.320509 1 1068
-288.070997 -3.042778 69.053577 1 1069
-305.028128 23.264193 75.307677 1 1070
-306.557686 7.826423 85.012389 1 1071
-305.260439 11.126788 79.552715 1 1072
-310.826162 6.272977 89.821200 1 1073
-306.573113 -14.510749 75.851796 1 1074
-298.289888 -7.735231 99.800496 1 1075
-317.589982 3.325246 81.755148 1 1076
-280.948223 3.843679 91.794628 1 1077
-302.871991 -9.939374 96.017763 1 1078
-308.216770 1.798680 80.953615 1 1079
-306.755439 -5.877275 96.984161 1 1080
-311.816931 -3.361847 92.453183 1 1081
-306.375253 9.707918 86.359093 1 1082
-284.964405 -14.362780 94.332770 1 1083
-297.234691 -13.242343 97.701471 1 1084
-283.745389 21.183777 75.451136 1 1085
-309.654936 3.907987 87.446713 1 1086
-287.672098 -8.657135 72.026560 1 1087
-294.226139 -7.669777 92.701439 1 1088
-292.581392 8.389664 84.776743 1 1089
-303.085139 -6.991492 80.905430 1 1090
-283.297860 -13.089340 64.081846 1 1091
-295.752510 -20.208742 69.971617 1 1092
-300.137092 -8.002180 73.299197 1 1093
-293.568093 -6.798339 91.044686 1 1094
-294.928236 11.963568 80.730972 1 1095
-274.194102 -15.447328 71.275392 1 1096
-296.778321 -6.052463 65.125139 1 1097
-283.820318 12.907659 90.184961 1 1098
-294.167049 -10.746442 89.860206 1 1099
-272.589380 -15.206598 86.929783 1 1100
-292.736468 -14.924014 78.669166 1 1101
-284.715463 0.648530 64.124041 1 1102
-293.269171 -8.139281 86.376199 1 1103
-284.178336 14.316137 92.518854 1 1104
-293.823842 -17.041974 93.409912 1 1105
-284.631255 -0.037037 97.051920 1 1106
-294.418005 -6.592326 81.577876 1 1107
-301.170233 -2.099078 76.009164 1 1108
-299.568782 -0.868454 87.167968 1 1109
-276.022352 -16.822879 79.236924 1 1110
-284.190507 -9.173680 64.333011 1 1111
-278.081166 19.931736 97.279461 1 1112
-289.346669 16.398005 85.282039 1 1113
-298.546779 5.395438 84.234229 1 1114
-285.420538 -15.201527 95.861748 1 1115
-281.427832 7.277938 86.959577 1 1116
-280.544255 7.784290 82.826971 1 1117
-293.778585 -9.740100 94.967916 1 1118
-282.107386 9.000517 74.291999 1 1119
-290.893088 7.101165 91.746000 1 1120
-289.562056 4.455154 72.230046 1 1121
-285.409760 -13.307144 95.819629 1 1122
-281.904067 18.228759 65.605209 1 1123
-275.189770 17.234615 69.580626 1 1124
-288.337968 12.749466 97.103901 1 1125
-262.649087 2.021319 87.387919 1 1126
-263.139564 2.916135 87.776463 1 1127
-299.702230 0.033280 80.590896 1 1128
-269.872565 -4.444768 77.291285 1 1129
-285.753684 2.897194 88.412637 1 1130
-267.664062 -13.680556 98.677078 1 1131
-295.566466 1.317852 84.999665 1 1132
-262.516666 -4.990437 65.971470 1 1133
-262.918602 -12.722110 68.152950 1 1134
-261.675548 8.191359 80.004195 1 1135
-277.152056 -15.223220 96.284245 1 1136
-266.473683 6.377710 60.711172 1 1137
-286.158558 9.819969 90.488782 1 1138
-279.433889 2.921317 75.610671 1 1139
-276.083832 3.590626 71.681892 1 1140
-271.403268 7.945478 78.533788 1 1141
-261.375997 9.302362 100.284213 1 1142
-275.772703 16.411542 86.547277 1 1143
-268.229823 -3.569994 98.700029 1 1144
-264.717735 15.997433 97.920334 1 1145
-233.279409 18.674257 87.790460 1 1146
-276.533303 3.604100 91.448437 1 1147
-269.572917 2.982780 88.821182 1 1148
-281.778259 -4.407114 76.928200 1 1149
-270.187976 5.194781 75.895832 1 1150
-245.578166 -16.951111 95.148183 1 1151
-259.860374 -14.106294 74.042579 1 1152
-270.861355 -4.408514 66.527784 1 1153
-273.246477 -9.324810 90.654573 1 1154
-269.534516 19.791045 63.351533 1 1155
-230.061144 -1.348263 83.983585 1 1156
-271.224772 11.439106 66.101600 1 1157
-263.260639 22.424602 77.289265 1 1158
-266.587925 -18.307026 81.001224 1 1159
-278.826146 5.219129 75.069942 1 1160
-265.576586 4.693569 72.056214 1 1161
-245.741401 3.461065 79.665838 1 1162
-278.586530 0.266051 83.292332 1 1163
-270.864479 13.686641 91.161425 1 1164
-259.212754 -15.099146 83.253205 1 1165
-237.769570 6.485333 85.470838 1 1166
-272.525829 -7.254714 83.265666 1 1167
-275.641276 -5.480809 87.820035 1 1168
-265.938846 4.548406 93.546724 1 1169
-260.963573 -3.555098 64.572420 1 1170
-241.013467 -20.723566 96.448779 1 1171
-257.878486 10.859776 100.575547 1 1172
-265.180101 1.499859 95.575923 1 1173
-278.254086 -2.524280 84.224779 1 1174
-252.650554 4.787077 75.088955 1 1175
-253.186543 5.072622 100.629691 1 1176
-262.865018 9.910995 73.369868 1 1177
-242.234640 4.883482 104.277366 1 1178
-269.016185 -5.720233 76.769053 1 1179
-264.962864 -11.723227 96.288163 1 1180
-248.578763 13.384147 72.617175 1 1181
-238.856158 18.008383 86.786433 1 1182
-260.765719 11.813591 86.259708 1 1183
-246.362794 9.118877 77.753090 1 1184
-229.125700 -1.563511 94.027928 1 1185
-252.663985 3.022202 90.868044 1 1186
-253.734352 19.735120 81.023325 1 1187
-238.298447 10.907024 102.172343 1 1188
-249.116354 4.214510 100.859358 1 1189
-229.913606 -12.103227 79.455592 1 1190
-238.771209 -10.081456 82.081635 1 1191
-254.075114 3.023042 94.974804 1 1192
-234.956625 -8.358279 80.006875 1 1193
-251.150215 4.054417 75.571246 1 1194
-228.642503 -0.085003 66.932494 1 1195
-229.246293 -9.695231 90.605545 1 1196
-212.510945 7.212538 65.289237 1 1197
-226.530751 -10.539600 95.748142 1 1198
-216.686673 -15.032755 91.984757 1 1199
-254.804826 -4.038640 92.653414 1 1200
-235.982989 -5.522057 75.107116 1 1201
-229.578522 -0.962738 65.825331 1 1202
-229.180852 -5.277197 70.583155 1 1203
-242.939768 -22.562421 93.870004 1 1204
-236.113022 -11.246795 65.270695 1 1205
-250.056254 -8.014195 70.655317 1 1206
-249.759483 4.588213 66.141728 1 1207
-244.719583 12.419480 94.892429 1 1208
-255.233363 -1.156928 91.372186 1 1209
-252.492818 -10.253592 80.734927 1 1210
-250.140569 3.910407 71.056238 1 1211
-248.505203 -4.187887 76.003935 1 1212
-250.967633 17.566386 82.569597 1 1213
-244.286548 -19.979348 75.991307 1 1214
-233.197460 10.664218 76.813090 1 1215
-259.859843 -10.291691 86.408872 1 1216
-262.487597 1.085783 80.274086 1 1217
-246.952809 6.126407 81.592658 1 1218
-255.466777 6.976836 89.869214 1 1219
-246.310859 1.675957 95.298004 1 1220
-243.179122 -12.536446 80.314511 1 1221
-248.558359 -5.719670 74.618896 1 1222
-240.964563 14.467544 92.427617 1 1223
-236.529605 10.687261 79.125120 1 1224
-247.974166 -6.981395 90.391135 1 1225
-235.636227 -7.942468 102.538437 1 1226
-245.037703 -0.349880 86.829337 1 1227
-203.734857 -20.337280 90.988094 1 1228
-232.812302 2.551271 96.806898 1 1229
-221.749876 7.062647 79.027993 1 1230
-217.123336 -14.285487 88.033792 1 1231
-219.294085 4.858785 117.811787 1 1232
-230.183122 -6.670452 103.656638 1 1233
-239.399364 -15.798012 90.050321 1 1234
-229.584948 14.839875 63.828801 1 1235
-228.672125 0.861052 91.982132 1 1236
-212.385707 -5.260267 88.422949 1 1237
-208.221607 17.777195 94.540752 1 1238
-234.506077 -6.522086 76.028443 1 1239
-237.112424 -11.704909 90.720354 1 1240
-242.752343 6.695462 78.066005 1 1241
-235.149605 -18.203017 98.025590 1 1242
-222.844764 -8.909789 104.538146 1 1243
-236.281508 2.441040 88.941925 1 1244
-240.386186 11.946301 89.394657 1 1245
-226.720877 -15.744104 76.044218 1 1246
-230.972544 -4.387725 104.228275 1 1247
-234.511454 -0.459690 94.634108 1 1248
-237.456746 4.657882 88.054899 1 1249
-235.617653 8.574352 93.854298 1 1250
-240.270712 -6.079228 89.045225 1 1251
-209.915901 -6.025744 88.480542 1 1252
-222.517773 -17.347064 89.196948 1 1253
-220.992450 -14.348046 83.019087 1 1254
-230.117028 12.085395 84.687410 1 1255
-222.924232 -12.327962 86.302214 1 1256
-233.343153 -13.245582 83.321744 1 1257
-199.663595 -13.307655 73.167189 1 1258
-193.342058 -11.742218 86.864547 1 1259
-221.220911 -0.433075 94.842137 1 1260
-222.253574 0.739901 77.602895 1 1261
-194.160136 -1.951309 84.435571 1 1262
-220.512748 -4.126442 100.533580 1 1263
-217.882471 14.339274 74.418264 1 1264
-223.739689 7.236842 84.141379 1 1265
-230.664332 0.125295 89.769825 1 1266
-218.128160 8.421242 100.128371 1 1267
-231.680588 -6.588528 84.037829 1 1268
-226.509263 4.143403 79.287047 1 1269
-206.151687 -8.361497 118.194264 1 1270
-201.980095 -8.840098 89.111872 1 1271
-204.459006 14.699870 75.638683 1 1272
-217.691399 -15.336177 72.971137 1 1273
-210.461111 0.202008 64.320840 1 1274
-207.785113 2.247915 106.363296 1 1275
-196.086768 -2.897526 73.942476 1 1276
-224.410730 -7.009838 74.417183 1 1277
-217.387268 4.149225 118.036480 1 1278
-202.150725 -20.717749 83.330937 1 1279
-221.535921 2.692756 77.842375 1 1280
-208.196880 -19.167680 113.468333 1 1281
-204.251892 -1.517873 60.917019 1 1282
-214.300475 9.196992 107.746626 1 1283
-198.576968 14.321167 84.095769 1 1284
-224.926228 -8.012651 76.459735 1 1285
-190.340284 13.972564 109.525806 1 1286
-210.278165 3.568599 98.969968 1 1287
-214.494397 2.213069 76.116767 1 1288
-220.828708 -10.537006 75.279455 1 1289
-216.752724 1.472700 103.551747 1 1290
-224.831157 -5.669648 81.628441 1 1291
-211.254584 -1.191751 87.011120 1 1292
-213.203731 -3.945834 89.305417 1 1293
-219.981075 -5.773919 76.990762 1 1294
-191.591298 3.884777 74.398833 1 1295
-197.525247 -10.708957 103.934645 1 1296
-210.060842 -6.150690 80.563301 1 1297
-201.928372 -16.874245 87.271251 1 1298
-193.921730 3.482250 93.813079 1 1299
-203.987528 -6.326411 84.928005 1 1300
-213.302945 1.217142 74.004594 1 1301
-212.368506 -11.659671 68.684211 1 1302
-218.386548 -8.914099 82.604037 1 1303
-201.727223 -20.347523 105.301287 1 1304
-213.473799 -0.990917 100.833971 1 1305
-214.496325 -1.086324 84.396884 1 1306
-195.625614 4.584597 73.391462 1 1307
-213.927748 -10.112895 103.826874 1 1308
-207.359364 -19.024569 85.558817 1 1309
-189.125303 -32.423985 107.159997 1 1310
-199.506630 -7.543403 88.074766 1 1311
-215.079714 -2.967671 107.010022 1 1312
-197.426661 11.341469 75.420300 1 1313
-199.385212 -25.871858 87.959041 1 1314
-203.817204 -10.528647 102.985087 1 1315
-210.005187 6.150096 73.996813 1 1316
-187.923492 13.304650 76.592920 1 1317
-201.725155 -14.972004 75.011649 1 1318
-200.065647 -7.943551 85.494619 1 1319
-199.037746 -4.851796 75.383083 1 1320
-203.219818 -15.165274 91.776781 1 1321
-197.557765 18.829479 85.564637 1 1322
-209.040015 20.952029 116.512354 1 1323
-209.025764 -14.316364 87.485573 1 1324
-187.536445 12.356955 94.163623 1 1325
-195.750005 -10.458728 88.833245 1 1326
-203.667695 -19.767444 82.556553 1 1327
-213.106805 7.082941 110.131253 1 1328
-201.221539 3.551101 65.031120 1 1329
-206.911847 -3.098416 93.258678 1 1330
-194.937857 11.837604 82.462840 1 1331
-197.988239 -13.396267 71.174203 1 1332
-201.316031 3.099643 107.070421 1 1333
-203.842270 -11.888784 85.037087 1 1334
-198.649442 3.359158 113.505236 1 1335
-200.810160 -2.550951 103.063523 1 1336
-191.215223 1.124090 111.145754 1 1337
-185.695732 -5.114312 89.112117 1 1338
-194.039557 17.351680 103.274550 1 1339
-201.319017 -8.563320 90.221945 1 1340
-198.250559 -8.664879 93.788809 1 1341
-200.138076 -3.970682 85.714924 1 1342
-188.165815 -1.751623 101.795887 1 1343
-205.472315 -16.866293 99.576275 1 1344
-193.020496 -1.912953 88.576440 1 1345
-190.679689 8.197426 80.550248 1 1346
-192.878263 9.208445 104.357072 1 1347
-208.722556 -6.766454 110.878065 1 1348
-200.987578 -23.526821 107.923464 1 1349
-203.627100 -5.553459 104.762306 1 1350
-193.351904 -7.529714 94.045170 1 1351
-204.824818 6.770363 98.231867 1 1352
-192.706247 3.572884 122.187729 1 1353
-205.888226 14.822141 123.200357 1 1354
-213.130594 2.377998 123.201524 1 1355
-210.675691 11.359014 106.354545 1 1356
-218.154498 2.083076 117.201735 1 1357
-195.759013 -24.563280 109.296825 1 1358
-215.533446 0.065463 116.105378 1 1359
-207.534403 3.430701 108.815144 1 1360
-199.311079 -7.192624 115.985774 1 1361
-213.340596 19.532608 117.719364 1 1362
-208.932523 16.215055 115.204928 1 1363
-216.415866 15.310952 121.607696 1 1364
-198.182447 -11.543366 112.326557 1 1365
-203.312738 -26.031672 124.761296 1 1366
-219.201248 6.148855 126.059252 1 1367
-191.515643 3.204497 144.565071 1 1368
-210.384766 4.059411 103.537920 1 1369
-197.742486 -0.008282 121.699376 1 1370
-196.476742 -14.916562 116.996960 1 1371
-220.631504 9.242380 112.096417 1 1372
-214.913689 -8.704216 108.445817 1 1373
-207.704767 -3.214762 112.151089 1 1374
-221.323271 -17.715755 114.395655 1 1375
-212.520124 -0.408915 111.698102 1 1376
-203.348836 -10.861093 103.736739 1 1377
-193.673835 -12.883141 123.587650 1 1378
-218.785512 -17.487458 116.230194 1 1379
-198.157110 1.615471 136.977773 1 1380
-209.513762 8.707516 121.468139 1 1381
-212.777984 -0.636423 115.053391 1 1382
-226.186875 -17.821090 144.646437 1 1383
-216.719066 -0.562641 113.224301 1 1384
-224.793693 -6.111799 154.860626 1 1385
-224.088253 12.047548 139.689138 1 1386
-211.986651 2.670289 111.243332 1 1387
-214.661150 0.239699 114.473485 1 1388
-189.642288 -26.877008 136.517359 1 1389
-204.514733 4.828533 140.748446 1 1390
-195.525944 -0.285903 141.916495 1 1391
-206.646793 -11.844856 124.285795 1 1392
-235.702413 -15.517889 157.117237 1 1393
-214.449167 8.131871 125.222398 1 1394
-206.936609 -21.623646 137.403592 1 1395
-214.864605 -24.116625 145.313990 1 1396
-196.013701 1.950226 119.341816 1 1397
-193.819503 -2.101735 126.569779 1 1398
-191.491062 3.674840 124.310248 1 1399
-197.403884 -10.887343 118.347341 1 1400
-198.081680 -7.158326 127.036205 1 1401
-212.709528 9.301103 136.350852 1 1402
-208.644219 5.389950 121.084019 1 1403
-203.648010 9.647357 135.653886 1 1404
-190.964590 -15.108197 130.999069 1 1405
-227.114547 6.994561 134.438533 1 1406
-185.769960 -11.727887 131.776110 1 1407
-219.329308 0.119244 120.603003 1 1408
-217.409451 0.613446 133.656296 1 1409
-211.099617 -9.084908 140.150878 1 1410
-204.146951 2.764735 125.209052 1 1411
-207.772809 -7.276785 127.543083 1 1412
-218.259144 -9.560252 144.970596 1 1413
-210.182122 -8.534575 122.578115 1 1414
-207.579890 -18.178369 136.283214 1 1415
-196.350930 3.989919 156.384048 1 1416
-229.841534 -7.234032 143.669782 1 1417
-216.964762 -24.071050 144.216954 1 1418
-221.173990 -3.005124 140.673927 1 1419
-208.784439 -13.663981 143.074617 1 1420
-211.564976 -8.534070 124.191939 1 1421
-202.587731 -18.147508 134.510580 1 1422
-214.763481 4.577391 140.944520 1 1423
-211.956413 0.832011 127.879048 1 1424
-208.437235 7.029876 166.090905 1 1425
-191.668893 -13.807732 139.045311 1 1426
-197.435315 -6.141799 131.906920 1 1427
-194.260721 -8.563420 148.462459 1 1428
-213.004278 -8.534982 147.358278 1 1429
-215.974014 -21.093546 150.226436 1 1430
-204.092939 2.995654 146.001469 1 1431
-225.295642 -20.771881 151.533857 1 1432
-216.573562 2.070916 137.123583 1 1433
-223.050985 12.519899 154.826162 1 1434
-210.430103 -21.015549 147.970091 1 1435
-203.667689 -19.599111 147.537705 1 1436
-217.897045 2.045083 167.071186 1 1437
-210.585378 -5.112951 129.281016 1 1438
-211.205209 0.944516 145.952357 1 1439
-204.101260 -13.595842 140.648854 1 1440
-206.853799 -3.039629 125.989563 1 1441
-204.657477 -11.010564 140.466552 1 1442
-205.369164 7.870041 160.969634 1 1443
-229.517082 -8.177401 152.802175 1 1444
-216.152506 8.241319 150.155523 1 1445
-235.517259 -15.425363 141.350401 1 1446
-227.159392 -5.293215 145.091334 1 1447
-209.566494 -10.950952 143.962035 1 1448
-220.038578 14.746284 150.768840 1 1449
-193.290253 4.035350 145.432465 1 1450
-247.904135 -7.511722 129.516745 1 1451
-205.199462 -16.379734 156.205485 1 1452
-197.213845 -8.765735 155.430130 1 1453
-218.671256 -13.008247 158.106168 1 1454
-190.259703 14.048057 152.255656 1 1455
-245.584156 -30.326519 152.588944 1 1456
-203.087249 -0.356575 154.783278 1 1457
-197.727457 15.147249 152.343297 1 1458
-197.060766 2.554557 161.056744 1 1459
-223.465368 -5.625925 147.473169 1 1460
-243.547404 16.290012 140.020287 1 1461
-224.518709 4.901005 165.023146 1 1462
-225.716603 -32.245133 165.343090 1 1463
-207.154353 10.025156 152.043367 1 1464
-202.571472 -8.953433 135.146634 1 1465
-196.614320 3.638795 149.593598 1 1466
-204.822155 -21.721403 156.273549 1 1467
-221.482066 -15.804620 153.225213 1 1468
-199.800765 -0.112497 147.706033 1 1469
-197.052536 -10.755281 154.972551 1 1470
-204.354469 -12.758937 155.504255 1 1471
-229.969753 -7.052807 147.684387 1 1472
-213.247299 5.859537 151.866770 1 1473
-204.734237 11.608714 162.240777 1 1474
-219.299788 18.109210 161.860056 1 1475
-225.710894 -10.270742 159.000186 1 1476
-216.856143 9.953435 154.908545 1 1477
-239.604277 -0.639259 164.123441 1 1478
-213.708868 -13.000670 149.326224 1 1479
-210.500627 -9.461381 168.569984 1 1480
-224.819718 -16.987101 154.204055 1 1481
-212.944457 -2.638314 154.563917 1 1482
-216.419588 8.534614 157.550417 1 1483
-209.353999 -1.586775 162.840313 1 1484
-199.421494 12.978116 166.615564 1 1485
-215.714289 -4.104193 151.911730 1 1486
-212.636621 -11.295061 145.176194 1 1487
-221.554435 -20.288974 153.227518 1 1488
-208.651957 -15.935639 153.721780 1 1489
-249.886452 -10.068541 130.671566 1 1490
-231.212746 5.230656 143.308540 1 1491
-224.076947 13.597016 159.748361 1 1492
-215.041104 -2.744370 165.846069 1 1493
-230.678490 -5.033490 162.669236 1 1494
-236.279267 5.631978 170.602279 1 1495
-228.609258 8.929298 149.654228 1 1496
-226.838592 10.965038 160.836105 1 1497
-262.465045 -0.028198 141.050535 1 1498
-229.976990 -0.368228 169.231318 1 1499
-236.404577 -2.212340 142.365722 1 1500
-232.612822 -11.520469 148.045696 1 1501
-235.984199 -8.435593 145.940940 1 1502
-217.222254 5.031628 171.321146 1 1503
-233.857453 -7.260968 156.059819 1 1504
-230.473027 6.749440 151.917125 1 1505
-217.175331 -14.068203 158.269237 1 1506
-239.819836 3.736194 148.434596 1 1507
-224.072038 -2.174758 148.134650 1 1508
-218.087218 0.849966 156.325077 1 1509
-223.737709 -2.730431 167.673114 1 1510
-244.332445 -12.185036 141.037369 1 1511
-225.789910 -1.769203 165.317771 1 1512
-242.356679 18.929719 147.345037 1 1513
-231.235402 -9.499639 160.750977 1 1514
-243.848027 -5.133096 139.605907 1 1515
-249.717053 -10.803332 144.457076 1 1516
-234.505285 -23.161649 166.367762 1 1517
-247.570523 7.615667 147.751912 1 1518
-247.877559 3.510930 138.886396 1 1519
-246.286706 17.064496 153.680920 1 1520
-251.155169 -10.042860 153.360229 1 1521
-226.225143 2.364245 153.413540 1 1522
-223.468247 -5.862151 157.973515 1 1523
-235.449783 5.222045 152.159136 1 1524
-238.985919 -12.865076 142.143309 1 1525
-250.436165 2.379984 146.095620 1 1526
-246.028233 -5.287106 137.963916 1 1527
-256.848903 -9.908648 163.706673 1 1528
-236.864879 -15.115614 139.055238 1 1529
-254.671416 -24.027593 174.482353 1 1530
-241.121807 3.312022 145.901548 1 1531
-240.390435 6.503602 154.266168 1 1532
-244.375187 -17.105577 161.746398 1 1533
-240.997218 1.308165 152.466339 1 1534
-252.305398 9.497453 137.107511 1 1535
-257.029331 -0.628837 129.203447 1 1536
-269.440590 -6.247989 144.181000 1 1537
-257.153141 11.796234 163.636165 1 1538
-242.299207 -12.259614 140.271377 1 1539
-248.012489 -18.594978 168.153766 1 1540
-256.620656 -17.470962 143.523053 1 1541
-244.956428 -7.782509 166.305429 1 1542
-244.417631 -4.797097 150.501327 1 1543
-245.029234 6.100663 153.942999 1 1544
-247.187741 -6.023562 144.569604 1 1545
-245.458015 8.887958 152.447314 1 1546
-248.964127 2.740760 135.610289 1 1547
-244.044148 -10.307984 155.393400 1 1548
-242.735969 -3.753014 146.123692 1 1549
-276.956793 -21.749035 165.626709 1 1550
-254.461851 -4.995173 140.615064 1 1551
-264.269752 -7.109895 134.693565 1 1552
-245.647746 -15.530680 156.123782 1 1553
-256.869082 1.007066 135.193874 1 1554
-276.778051 -0.295495 131.557942 1 1555
-251.428347 -1.292839 160.126504 1 1556
-250.880038 -7.067999 143.638683 1 1557
-255.656455 -4.089380 136.102431 1 1558
-275.608626 -4.860206 148.612794 1 1559
-276.715606 -3.622348 153.418196 1 1560
-277.520176 -9.787642 161.176034 1 1561
-271.650623 7.305694 148.753819 1 1562
-262.885000 -10.681712 128.748535 1 1563
-256.949936 1.329831 143.964253 1 1564
-251.381469 -8.940161 145.136934 1 1565
-250.305210 -6.242882 152.718663 1 1566
-283.217240 -3.216980 159.682382 1 1567
-261.419643 -9.882638 145.594685 1 1568
-280.788914 -4.759027 160.088348 1 1569
-266.480389 1.880272 133.586520 1 1570
-252.940115 -4.721500 154.517593 1 1571
-263.255619 -21.321406 131.507496 1 1572
-262.939570 -14.553967 167.054193 1 1573
-267.616812 -4.529286 148.045775 1 1574
-289.447794 11.476237 159.315936 1 1575
-264.775312 11.495436 135.260802 1 1576
-264.905999 5.384602 157.291690 1 1577
-265.641667 0.605477 165.101212 1 1578
-267.363391 9.197864 146.905647 1 1579
-297.258556 7.173970 147.958711 1 1580
-297.337350 15.995838 152.557723 1 1581
-265.678543 -10.860999 154.438278 1 1582
-274.430103 -7.504988 150.207881 1 1583
-258.235470 2.141750 147.500162 1 1584
-272.405036 -0.806458 160.060273 1 1585
-270.628590 -11.678044 151.634137 1 1586
-253.908818 -0.979097 147.412709 1 1587
-284.192829 -15.633576 159.188398 1 1588
-265.444531 -1.603996 162.039662 1 1589
-275.653952 2.469717 161.798853 1 1590
-259.947755 -12.227151 154.968409 1 1591
-275.077088 -2.993807 143.305678 1 1592
-281.280444 -5.326954 144.530217 1 1593
-296.807944 11.944054 149.460773 1 1594
-266.850052 12.842392 152.294125 1 1595
-266.718269 -1.298020 151.569355 1 1596
-267.611718 -10.997403 149.610156 1 1597
-267.640845 5.403866 150.550983 1 1598
-283.379631 13.654054 126.959198 1 1599
-272.974432 3.336176 154.118152 1 1600
-303.845976 6.450239 143.762792 1 1601
-278.719745 -4.760681 163.863007 1 1602
-275.825525 4.338226 158.751223 1 1603
-272.685457 -14.308112 146.405525 1 1604
-272.134817 5.450291 149.715882 1 1605
-305.834253 -16.377926 147.388405 1 1606
-287.809162 -3.658529 165.996848 1 1607
-285.360385 -17.844738 150.631272 1 1608
-294.507041 17.702599 149.410126 1 1609
-280.267202 -5.945315 136.065053 1 1610
-265.112379 -7.677584 146.337937 1 1611
-280.129488 -0.346326 156.232554 1 1612
-276.990824 -16.167134 137.042282 1 1613
-293.502026 -21.085870 151.754229 1 1614
-285.335569 -4.589905 145.969338 1 1615
-295.279057 2.417266 136.516626 1 1616
-288.440768 4.290017 135.331425 1 1617
-301.267742 -5.363086 156.292249 1 1618
-293.630462 -9.462297 169.251202 1 1619
-281.498228 0.892731 157.719901 1 1620
-295.413016 3.856224 145.287179 1 1621
-277.391104 -11.703090 153.571923 1 1622
-291.086949 -7.345800 155.749244 1 1623
-305.550330 -2.567268 135.210662 1 1624
-279.361983 -4.640717 143.002062 1 1625
-287.481640 -1.890782 155.110856 1 1626
-286.836832 -4.880163 158.884319 1 1627
-288.796716 -19.234127 143.556614 1 1628
-279.698702 0.674602 153.158866 1 1629
-285.331037 -11.870514 140.537008 1 1630
-296.990903 16.480455 165.871966 1 1631
-281.802938 8.756505 161.076630 1 1632
-291.571350 -6.628305 134.463578 1 1633
-281.090277 4.455675 153.763324 1 1634
-308.829309 -9.674140 168.285245 1 1635
-305.594281 5.815718 148.883537 1 1636
-288.676384 -16.836694 142.425089 1 1637
-288.018394 -8.962263 152.886926 1 1638
-294.491809 -13.344765 141.354820 1 1639
-303.780866 -11.099497 170.266178 1 1640
-302.289545 -7.550036 148.875492 1 1641
-292.542538 1.335159 143.101799 1 1642
-302.439069 5.005373 162.374204 1 1643
-305.674587 16.204582 132.785566 1 1644
-310.119680 12.942703 151.028733 1 1645
-297.719731 6.413877 143.517531 1 1646
-316.651553 -4.365417 145.213188 1 1647
-302.185333 -2.827973 164.399613 1 1648
-286.742985 -7.511033 142.808926 1 1649
-294.780872 10.783047 136.917059 1 1650
-300.354175 -14.750570 144.191626 1 1651
-309.439753 -16.850290 163.981647 1 1652
-307.373190 -0.725610 127.172783 1 1653
-307.109997 -0.003795 134.473505 1 1654
-303.755645 5.617397 139.810478 1 1655
-302.397602 12.272516 136.063097 1 1656
-296.820485 -5.598947 148.908501 1 1657
-311.027487 14.703901 160.151347 1 1658
-303.964746 6.187400 128.921697 1 1659
-310.659009 -2.158846 156.588584 1 1660
-301.205053 13.480963 133.535296 1 1661
-302.198279 -11.668453 156.168587 1 1662
-309.595688 17.749556 158.531721 1 1663
-307.236997 1.269610 152.586147 1 1664
-306.692488 15.040204 157.410813 1 1665
-307.382475 -8.644837 151.083450 1 1666
-315.319983 -1.700675 146.059643 1 1667
-302.568008 -14.755956 147.867016 1 1668
-317.384813 -20.301581 145.047630 1 1669
-310.426648 -17.429934 152.430748 1 1670
-314.444331 11.464930 155.566123 1 1671
-302.692459 4.551590 149.468630 1 1672
-309.282799 -1.707108 146.230422 1 1673
-307.494811 -5.910744 150.273871 1 1674
-321.330588 8.598968 132.797979 1 1675
-307.690169 -0.125472 139.449011 1 1676
-314.302171 14.142863 143.077499 1 1677
-318.795906 8.959186 133.236201 1 1678
0.042015 -3.142551 10.435300 0 1679
0.090281 -4.268076 11.896020 0 1680
0.107397 -5.410556 12.335430 0 1681
0.142540 -6.534828 12.545140 0 1682
-1.171897 -10.892720 15.409080 0 1683
-2.812854 -11.876970 16.657710 0 1684
-5.372255 -12.796410 17.799990 0 1685
-8.902786 -13.656860 18.331420 0 1686
-13.316230 -14.446180 18.179760 0 1687
-18.440360 -15.189850 17.980980 0 1688
-24.254010 -15.954850 17.673320 0 1689
-30.653350 -15.936340 17.325540 0 1690
-37.298350 -14.812350 16.810800 0 1691
-43.923470 -13.943800 16.152630 0 1692
-50.552270 -13.267220 15.332060 0 1693
-57.270990 -12.656220 14.444750 0 1694
-64.103740 -12.097140 13.882010 0 1695
-71.197650 -11.597890 13.496390 0 1696
-78.428780 -11.190810 13.317640 0 1697
-85.606310 -10.803280 13.136140 0 1698
-92.764220 -10.414350 12.965810 0 1699
-99.754880 -9.994701 12.753370 0 1700
-106.762300 -9.502039 12.598670 0 1701
-113.911400 -9.050788 12.451710 0 1702
-121.257200 -8.625666 12.306450 0 1703
-128.800600 -8.210838 12.088690 0 1704
-136.373900 -7.760464 11.820540 0 1705
-143.937400 -7.255331 11.558640 0 1706
-151.402100 -6.780422 11.408580 0 1707
-158.815800 -6.318685 11.251250 0 1708
-166.145700 -5.813017 11.020210 0 1709
-173.368600 -5.400947 10.894820 0 1710
-180.402800 -5.009609 10.806030 0 1711
-186.523900 -4.661198 10.758660 0 1712
-192.067900 -4.345411 10.685350 0 1713
-197.509700 -4.011638 10.525130 0 1714
-203.014200 -3.685828 10.364210 0 1715
-208.762200 -3.338453 10.312920 0 1716
-214.902300 -2.966109 10.396470 0 1717
-221.104500 -2.618251 10.320940 0 1718
-227.584900 -2.392587 10.209200 0 1719
-234.408400 -2.193086 10.216540 0 1720
-241.494900 -1.906501 10.196880 0 1721
-248.810500 -1.573711 10.070640 0 1722
-256.286200 -1.203572 9.772827 0 1723
-263.811000 -0.865360 9.503110 0 1724
-271.304200 -0.516234 9.241239 0 1725
-278.710600 -0.084547 8.872822 0 1726
-286.103500 0.394096 8.646228 0 1727
-293.432900 0.825198 8.432741 0 1728
-300.783500 1.348203 8.212884 0 1729
-308.246500 1.684706 8.015343 0 1730
-315.733800 1.843363 7.810147 0 1731
-323.269400 2.075673 7.601752 0 1732
-330.847800 2.422264 7.384904 0 1733
-338.365100 2.823993 7.178709 0 1734
-345.721400 3.218274 6.991297 0 1735
-352.617500 3.606496 6.801164 0 1736
-358.963400 3.945285 6.589618 0 1737
-364.949000 4.261365 6.367778 0 1738
-370.026300 4.512707 6.334382 0 1739
-374.125600 4.660346 6.927950 0 1740
-377.375400 4.802424 8.299848 0 1741
-379.989800 4.905093 10.541530 0 1742
-381.973800 5.001597 13.538170 0 1743
-383.423800 5.048150 17.342940 0 1744
-384.379900 5.031566 21.922750 0 1745
-384.921000 4.979224 27.194190 0 1746
-385.367500 4.975144 33.153040 0 1747
-385.971300 4.973275 39.387470 0 1748
-386.286400 4.876504 45.515150 0 1749
-386.423900 4.780138 51.455910 0 1750
-386.526400 4.714973 57.042270 0 1751
-386.602800 4.534990 62.259530 0 1752
-386.114700 4.258967 66.935350 0 1753
-384.637500 3.909495 70.953960 0 1754
-382.681500 3.621687 74.347260 0 1755
-380.218900 3.373353 76.988200 0 1756
-377.170900 3.183033 78.773650 0 1757
-373.423600 2.956911 79.828300 0 1758
-369.131100 2.750135 80.348180 0 1759
-364.422600 2.552169 80.647600 0 1760
-359.338200 2.293464 80.716050 0 1761
-354.052600 2.173607 80.584060 0 1762
-348.660400 2.015011 80.417890 0 1763
-343.307300 1.791116 80.384610 0 1764
-338.011100 1.524986 80.541350 0 1765
-332.791500 1.304597 80.777340 0 1766
-327.605900 1.098039 80.970590 0 1767
-322.424100 0.841154 81.071830 0 1768
-317.300900 0.674488 81.263890 0 1769
-312.226400 0.538854 81.532530 0 1770
-307.210600 0.416513 81.802050 0 1771
-302.217900 0.242666 82.100660 0 1772
-297.102900 0.034598 82.442590 0 1773
-291.783700 -0.224096 82.800220 0 1774
-286.257500 -0.403046 83.045170 0 1775
-280.556400 -0.598613 83.100320 0 1776
-274.956300 -0.792345 83.102870 0 1777
-269.567700 -1.012488 83.000210 0 1778
-264.288600 -1.217156 82.876210 0 1779
-259.050600 -1.383832 82.954380 0 1780
-253.734100 -1.604054 83.290560 0 1781
-248.342700 -1.863230 83.815970 0 1782
-242.908100 -2.126323 84.323410 0 1783
-237.545200 -2.393920 84.563140 0 1784
-232.302100 -2.647305 84.453560 0 1785
-227.313400 -2.872170 84.154180 0 1786
-222.961800 -3.074000 83.890960 0 1787
-219.436000 -3.298955 83.681920 0 1788
-216.619100 -3.524977 83.621000 0 1789
-214.186400 -3.775136 84.138800 0 1790
-212.121600 -3.929718 85.262740 0 1791
-210.389400 -4.041701 86.880260 0 1792
-208.897900 -4.176509 89.274590 0 1793
-207.774400 -4.302909 92.662810 0 1794
-207.230800 -4.457310 96.899790 0 1795
-207.200500 -4.557635 101.836400 0 1796
-207.416900 -4.662245 107.370900 0 1797
-207.504100 -4.827464 113.174000 0 1798
-207.392800 -4.794460 118.893100 0 1799
-207.184400 -4.591904 124.438700 0 1800
-207.151900 -4.642383 129.832500 0 1801
-207.230700 -4.777156 134.597200 0 1802
-207.455000 -4.896312 138.480200 0 1803
-208.041600 -4.995249 141.649400 0 1804
-209.296800 -5.062360 144.468700 0 1805
-211.244700 -5.042235 146.877600 0 1806
-214.016500 -4.963919 148.876800 0 1807
-217.684000 -4.856965 150.054200 0 1808
-221.993300 -4.689137 150.525200 0 1809
-226.759600 -4.472385 150.696800 0 1810
-231.960800 -4.240411 150.913300 0 1811
-237.641500 -3.964915 151.176500 0 1812
-243.823200 -3.650308 151.363600 0 1813
-250.305100 -3.329526 151.284800 0 1814
-256.782100 -3.061543 150.940100 0 1815
-263.000300 -2.782584 150.421000 0 1816
-268.515700 -2.540023 149.934100 0 1817
-273.596600 -2.326093 149.593700 0 1818
-278.573500 -2.108097 149.361800 0 1819
-283.495700 -1.835735 149.255500 0 1820
-288.537400 -1.571373 149.193400 0 1821
-293.533700 -1.325920 149.062800 0 1822
-298.628000 -1.082347 148.886500 0 1823