-0.003975 0.918310 -3.898765 0.000000 -0.015070 0.000000 1
-0.163612 2.023392 -7.762253 0.000000 0.018554 0.000000 2
0.130330 3.142551 -10.435045 0.000000 -0.033031 0.000000 3
0.141292 4.268076 -11.896275 0.000000 -0.038931 0.000000 4
0.916920 5.410556 -12.315994 0.000000 -0.166037 0.000000 5
0.198774 6.534828 -12.545923 0.000000 -0.054408 0.000000 6
-1.614363 7.639654 -12.733240 0.000000 0.227739 0.000000 7
-2.455232 8.732867 -12.989250 0.000000 0.361790 0.000000 8
-3.880729 9.829144 -13.718379 0.000000 0.588878 0.000000 9
-6.002855 10.892720 -14.845013 0.000000 0.920346 0.000000 10
-7.091432 11.876970 -16.395531 0.000000 1.151017 0.000000 11
-8.214634 12.796410 -18.515144 0.000000 1.421394 0.000000 12
-7.808479 13.656860 -21.360561 0.000000 1.605146 0.000000 13
-4.321767 14.446180 -24.790931 0.000000 1.609570 0.000000 14
-0.398355 15.189850 -28.815988 0.000000 1.623667 0.000000 15
4.305159 15.954850 -33.308584 0.000000 1.625089 0.000000 16
9.101779 15.936340 -38.473940 0.000000 1.648105 0.000000 17
14.164852 14.812350 -43.850905 0.000000 1.669816 0.000000 18
19.200060 13.943800 -49.294085 0.000000 1.693958 0.000000 19
24.665965 13.267220 -54.460980 0.000000 1.702102 0.000000 20
31.657149 12.656220 -58.329173 0.000000 1.652970 0.000000 21
38.053179 12.097140 -62.770895 0.000000 1.625102 0.000000 22
44.644816 11.597890 -67.302267 0.000000 1.595511 0.000000 23
50.398534 11.190810 -72.951875 0.000000 1.596078 0.000000 24
56.175188 10.803280 -78.480498 0.000000 1.594588 0.000000 25
61.663062 10.414350 -84.335543 0.000000 1.601176 0.000000 26
67.556430 9.994701 -89.383709 0.000000 1.592869 0.000000 27
73.195357 9.502039 -94.768583 0.000000 1.591350 0.000000 28
78.915579 9.050788 -100.300695 0.000000 1.590568 0.000000 29
84.382536 8.625666 -106.547898 0.000000 1.599656 0.000000 30
90.133006 8.210838 -112.809739 0.000000 1.606189 0.000000 31
96.254642 7.760464 -118.633501 0.000000 1.605409 0.000000 32
103.021924 7.255331 -123.506060 0.000000 1.590896 0.000000 33
108.905445 6.780422 -129.407820 0.000000 1.592015 0.000000 34
114.274482 6.318685 -135.970091 0.000000 1.602306 0.000000 35
120.911156 5.813017 -140.532834 0.000000 1.588155 0.000000 36
126.910362 5.400947 -145.774843 0.000000 1.583418 0.000000 37
132.759582 5.009609 -150.849165 0.000000 1.578535 0.000000 38
137.267181 4.661198 -156.137718 0.000000 1.584019 0.000000 39
140.668906 4.345411 -161.977932 0.000000 1.600230 0.000000 40
145.037940 4.011638 -166.187618 0.000000 1.600022 0.000000 41
150.741983 3.685828 -168.466264 0.000000 1.579719 0.000000 42
156.738396 3.338453 -170.680786 0.000000 1.557190 0.000000 43
159.804910 2.966109 -178.221411 0.000000 1.582974 0.000000 44
164.365024 2.618251 -183.616038 0.000000 1.588037 0.000000 45
170.801807 2.392587 -186.643777 0.000000 1.569721 0.000000 46
175.879911 2.193086 -192.445038 0.000000 1.573571 0.000000 47
180.376117 1.906501 -199.711166 0.000000 1.588051 0.000000 48
184.435481 1.573711 -208.161985 0.000000 1.610613 0.000000 49
190.780018 1.203572 -213.452152 0.000000 1.606625 0.000000 50
196.902090 0.865360 -219.172339 0.000000 1.605730 0.000000 51
201.673383 0.516234 -226.948517 0.000000 1.620498 0.000000 52
209.328726 0.084547 -230.058937 0.000000 1.601437 0.000000 53
215.384745 -0.394096 -235.588811 0.000000 1.599916 0.000000 54
221.180204 -0.825198 -241.398938 0.000000 1.600697 0.000000 55
227.381405 -1.348203 -246.602393 0.000000 1.597260 0.000000 56
233.255915 -1.684706 -252.550971 0.000000 1.598195 0.000000 57
239.217401 -1.843363 -258.413207 0.000000 1.598444 0.000000 58
245.148370 -2.075673 -264.426610 0.000000 1.599402 0.000000 59
251.329805 -2.422264 -270.125290 0.000000 1.598219 0.000000 60
257.538446 -2.823993 -275.646017 0.000000 1.596267 0.000000 61
263.193673 -3.218274 -281.729085 0.000000 1.598360 0.000000 62
268.094467 -3.606496 -288.096490 0.000000 1.604120 0.000000 63
272.783386 -3.945285 -293.682983 0.000000 1.607842 0.000000 64
280.921320 -4.261365 -292.819743 0.000000 1.577374 0.000000 65
300.475678 -4.512707 -269.234590 0.000000 1.426998 0.000000 66
326.280373 -4.660346 -225.231888 0.000000 1.171343 0.000000 67
350.136310 -4.802424 -170.428387 0.000000 0.862001 0.000000 68
366.015075 -4.905093 -121.351592 0.000000 0.584817 0.000000 69
375.279754 -5.001597 -82.928196 0.000000 0.364108 0.000000 70
380.284793 -5.048150 -56.737565 0.000000 0.205808 0.000000 71
382.923461 -5.031566 -41.562592 0.000000 0.102289 0.000000 72
383.724619 -4.979224 -41.575788 0.000000 0.074791 0.000000 73
383.467669 -4.975144 -51.730544 0.000000 0.096548 0.000000 74
384.874587 -4.973275 -49.293857 0.000000 0.051377 0.000000 75
385.742527 -4.876504 -49.982656 0.000000 0.023141 0.000000 76
385.941051 -4.780138 -54.999173 0.000000 0.018346 0.000000 77
386.101869 -4.714973 -59.871137 0.000000 0.014643 0.000000 78
389.492053 -4.534990 -42.097842 0.000000 -0.104011 0.000000 79
393.903068 -4.258967 1.764279 0.000000 -0.352258 0.000000 80
394.384119 -3.909495 31.235294 0.000000 -0.522908 0.000000 81
392.447647 -3.621687 72.770429 0.000000 -0.750468 0.000000 82
385.321308 -3.373353 127.976828 0.000000 -1.040900 0.000000 83
373.863698 -3.183033 177.073473 0.000000 -1.296450 0.000000 84
363.442957 -2.956911 205.462375 0.000000 -1.450270 0.000000 85
357.000570 -2.750135 213.666844 0.000000 -1.507290 0.000000 86
350.407521 -2.552169 220.115164 0.000000 -1.557334 0.000000 87
344.040877 -2.293464 223.895567 0.000000 -1.595763 0.000000 88
339.455011 -2.173607 220.952086 0.000000 -1.601603 0.000000 89
336.627205 -2.015011 211.903982 0.000000 -1.577013 0.000000 90
334.444402 -1.791116 200.749195 0.000000 -1.541210 0.000000 91
331.195719 -1.524986 193.559340 0.000000 -1.525615 0.000000 92
326.800286 -1.304597 190.886553 0.000000 -1.533547 0.000000 93
321.917451 -1.098039 190.058882 0.000000 -1.551261 0.000000 94
318.785704 -0.841154 182.662070 0.000000 -1.533326 0.000000 95
315.577893 -0.674488 175.789639 0.000000 -1.517906 0.000000 96
311.756709 -0.538854 171.581896 0.000000 -1.517114 0.000000 97
308.207276 -0.416513 166.495828 0.000000 -1.511058 0.000000 98
304.716854 -0.242666 161.268220 0.000000 -1.504047 0.000000 99
300.876762 -0.034598 157.081159 0.000000 -1.503664 0.000000 100
295.991265 0.224096 156.643368 0.000000 -1.526500 0.000000 101
290.435389 0.403046 157.989635 0.000000 -1.561123 0.000000 102
285.632854 0.598613 155.006970 0.000000 -1.570341 0.000000 103
280.504985 0.792345 153.755192 0.000000 -1.589845 0.000000 104
276.058043 1.012488 150.256329 0.000000 -1.594281 0.000000 105
273.163507 1.217156 140.158050 0.000000 -1.555874 0.000000 106
270.549526 1.383832 128.666415 0.000000 -1.507647 0.000000 107
267.433480 1.604054 119.315539 0.000000 -1.473650 0.000000 108
263.345174 1.863230 115.508458 0.000000 -1.477694 0.000000 109
258.168724 2.126323 118.069458 0.000000 -1.526125 0.000000 110
252.438994 2.393920 123.142095 0.000000 -1.591693 0.000000 111
247.246302 2.647305 124.559532 0.000000 -1.630736 0.000000 112
243.159126 2.872170 120.787682 0.000000 -1.631211 0.000000 113
239.632825 3.074000 117.277434 0.000000 -1.630016 0.000000 114
237.607769 3.298955 109.514093 0.000000 -1.592420 0.000000 115
239.005026 3.524977 77.122747 0.000000 -1.361076 0.000000 116
238.369948 3.775136 38.919894 0.000000 -1.072314 0.000000 117
235.053146 3.929718 6.494310 0.000000 -0.819620 0.000000 118
229.120385 4.041701 -26.016502 0.000000 -0.557109 0.000000 119
221.402237 4.176509 -55.068068 0.000000 -0.320181 0.000000 120
213.404377 4.302909 -79.280848 0.000000 -0.127602 0.000000 121
207.527522 4.457310 -96.263522 0.000000 -0.006138 0.000000 122
205.184231 4.557635 -105.872166 0.000000 0.039080 0.000000 123
206.606357 4.662245 -108.927133 0.000000 0.015025 0.000000 124
208.598659 4.827464 -111.151554 0.000000 -0.019459 0.000000 125
209.601327 4.794460 -114.984111 0.000000 -0.037562 0.000000 126
207.558667 4.591904 -123.814143 0.000000 -0.006025 0.000000 127
206.073673 4.642383 -131.542354 0.000000 0.016537 0.000000 128
203.290039 4.777156 -140.538511 0.000000 0.057700 0.000000 129
194.203069 4.896312 -157.077910 0.000000 0.183023 0.000000 130
175.324618 4.995249 -183.143377 0.000000 0.418869 0.000000 131
152.051733 5.062360 -210.017507 0.000000 0.679979 0.000000 132
125.783981 5.042235 -235.671008 0.000000 0.945941 0.000000 133
91.112297 4.963919 -263.480491 0.000000 1.260154 0.000000 134
67.774136 4.856965 -281.445293 0.000000 1.461930 0.000000 135
61.088703 4.689137 -290.106046 0.000000 1.534809 0.000000 136
65.524515 4.472385 -293.498193 0.000000 1.529195 0.000000 137
70.160118 4.240411 -297.298402 0.000000 1.524497 0.000000 138
72.225436 3.964915 -303.072396 0.000000 1.540539 0.000000 139
70.847797 3.650308 -311.333441 0.000000 1.582953 0.000000 140
69.873953 3.329526 -319.720392 0.000000 1.623965 0.000000 141
70.545726 3.061543 -327.216386 0.000000 1.654084 0.000000 142
74.967040 2.782584 -332.372726 0.000000 1.658848 0.000000 143
82.862368 2.540023 -334.695946 0.000000 1.637692 0.000000 144
90.209300 2.326093 -336.719562 0.000000 1.617358 0.000000 145
98.139389 2.108097 -338.179239 0.000000 1.592389 0.000000 146
103.511692 1.835735 -341.100768 0.000000 1.583113 0.000000 147
105.317817 1.571373 -346.439485 0.000000 1.596930 0.000000 148
107.953006 1.325920 -351.200758 0.000000 1.605390 0.000000 149
112.044622 1.082347 -355.153224 0.000000 1.605390 0.000000 150