-0.380568 -1.545208 0.585151
0.318533 3.643516 -0.249082
-0.084619 -0.768455 -0.358538
1.675980 -0.211459 1.346508
-0.545102 -0.750431 0.801366
1.444083 0.197895 -0.545301
0.447075 -0.145306 -0.200034
0.536394 -1.746820 -0.919044
-0.348551 -1.560046 -0.413300
1.184113 -0.583290 0.164479
0.205835 1.529509 -0.637702
0.132428 -0.453883 -0.578356
-0.522888 0.570670 -1.057604
0.939826 0.680137 0.372791
-1.362148 1.201156 -0.201445
-0.791866 0.826075 -1.455348
0.662967 0.620321 0.470375
0.585480 0.566496 0.854594
-0.216993 0.226099 -1.369246
-0.695800 2.339486 -0.976297
0.943257 1.115158 2.851734
-1.292737 -0.816963 3.674415
1.823437 0.115828 2.410766
2.351160 -0.564565 2.267891
2.926977 0.840063 4.125235
3.460762 -0.437459 2.287899
0.852483 1.335232 2.799803
0.281107 -1.049642 3.283361
0.981623 1.355511 2.492827
2.953659 0.265885 1.886891
2.079751 0.367998 1.899971
0.999490 -1.053989 1.277753
0.094304 0.314785 2.623775
2.508216 1.784639 2.334413
1.398012 0.941281 2.364441
0.533779 -0.395725 2.938685
2.037946 0.718358 3.005814
1.222161 -0.648749 3.217714
2.116468 -0.177873 0.393354
0.808630 1.103407 1.910703
2.814696 -0.117649 3.780662
4.191318 -0.992835 5.128254
3.637928 1.277743 4.288072
2.666540 -0.821224 3.957733
1.720496 0.111020 3.410889
3.591053 0.203523 7.122164
2.834767 -0.600505 4.375421
3.673191 -0.462283 5.488114
2.553033 0.833822 5.155871
2.180154 0.231303 6.299940
2.855617 1.189659 5.703724
2.293215 0.312448 4.833480
4.732630 -1.839949 3.779813
2.377575 -1.275588 6.207420
2.078176 -0.074541 5.540215
1.380688 1.206915 3.199706
2.666512 0.739980 3.462809
0.851270 -0.971228 5.341360
4.067108 -0.028077 4.483238
3.695611 -1.080708 3.259263
5.508660 -0.095194 6.742082
4.247900 0.165739 7.257626
4.297978 0.346883 7.381357
4.631519 -0.800805 6.442606
3.154870 0.309525 6.463881
4.960635 -0.630646 7.110543
3.990078 -0.259142 9.350595
5.567452 1.064325 5.953771
5.316244 0.470380 6.840906
5.212532 -0.253202 4.068733
5.235704 -1.876647 7.169701
4.955004 -0.456118 6.733602
4.881642 -0.676330 6.010673
4.417575 -0.451813 7.300348
6.736321 0.493727 6.111259
6.360082 0.846694 8.438174
6.435826 -2.312515 6.200023
5.505063 1.741426 6.309895
4.095800 0.721666 4.874789
4.511644 -1.670617 5.755867
6.742375 0.019245 7.160485
4.745855 1.078248 5.867549
5.801369 0.250156 7.361743
6.857578 0.586143 6.223586
6.074542 -0.071762 5.965447
4.584106 0.474229 5.771695
6.514257 -0.516493 7.073176
5.130435 -2.603432 7.356105
5.383394 -0.006246 7.282508
5.253243 -1.665256 6.158985
6.243723 2.920131 5.946622
6.425785 0.833019 7.297482
4.404740 0.372823 5.826637
4.708290 -0.393816 5.486470
5.792045 1.348238 5.206945
4.717721 0.102378 7.409316
8.036127 1.571395 7.418541
7.100249 -0.237102 6.189353
5.962061 -0.359963 5.906467
5.183764 0.655450 6.798336
6.408788 1.889725 3.723032
6.633820 -0.206591 4.774486
6.874110 -0.879752 5.231661
6.554046 1.644464 6.530805
6.299560 -0.049567 5.379983
8.364595 -0.263754 5.501416
8.574852 -0.247394 5.003263
4.852621 -0.699315 2.153572
7.403732 0.011649 4.035271
6.651313 -1.206798 7.226253
5.341344 -1.087485 4.646803
6.781798 -0.703137 6.370530
5.970766 0.775257 6.633594
7.063639 -0.425154 5.486573
7.169550 0.004465 5.630373
7.499813 0.569525 7.135225
8.881621 -1.459716 5.301919
5.787979 -0.409487 5.328916
7.300684 0.556381 4.411239
9.202920 0.652715 4.370233
7.370222 0.048830 3.167787
7.970029 -1.353885 6.151843
9.938030 -0.295798 5.544705
7.589490 -0.088315 4.734118
9.593876 -0.573320 3.156620
7.406194 0.789511 4.513402
7.448629 0.793750 3.231658
8.208900 0.397281 4.135939
9.657347 0.786948 5.484049
7.092666 0.465858 3.213144
5.795591 0.090504 4.625570
7.770624 0.631694 4.839498
8.060411 0.250124 4.444225
6.950382 1.285021 3.092329
7.737214 1.117295 4.464604
7.535107 -0.586257 4.813470
9.039083 -0.777413 5.009804
8.496184 -0.247643 3.457972
9.387892 -0.460926 3.602535
7.366719 -1.157384 3.844409
10.509553 -0.849854 4.838394
8.845809 1.070395 4.289498
11.074995 -1.463054 5.355165
10.017994 -0.089095 3.945417
8.564876 2.748001 4.866472
8.505051 -0.478534 6.977581
9.761839 -0.402621 4.622039
10.609255 1.551207 3.138710
7.568540 1.678524 4.243747
9.932141 -1.225451 3.967555
7.806980 0.091812 5.662780
9.150234 0.533837 5.363668
9.851468 -0.371404 5.365064
8.205042 -0.563036 6.012774
6.760917 -1.614574 6.834741
9.920518 0.350513 4.536799
7.040459 1.132689 6.427297
9.871533 0.368107 5.916836
8.382043 0.334178 4.777880
8.924133 2.043652 6.086924
10.742408 -2.205680 6.924428
11.015522 0.650217 6.835204
8.159929 -0.759723 7.293987
7.782944 0.159153 5.815938
8.671523 -0.693708 6.343095
8.542453 0.087749 5.910434
8.428997 0.742342 7.058240
8.319565 0.331946 7.119761
8.628339 -0.184512 7.626764
11.184546 -1.837264 6.913016
9.560792 -0.138617 6.846231
8.181777 0.215566 5.253279
10.253170 -0.799559 8.549009
9.955229 -1.257832 5.141767
9.739629 0.110312 9.361470
9.269356 1.894610 6.533769
8.727601 -0.521596 6.053570
8.670257 2.168092 7.756012
8.243168 0.417466 8.508482
8.379347 -0.229840 8.172137
9.681763 -0.137428 9.329711
9.168501 -1.699036 9.918981
8.462487 -0.422558 7.940405
9.124484 -0.021636 10.570005
9.181850 -0.144461 7.825639
9.276769 0.336498 9.911418
10.071466 -0.775384 6.571612
8.619463 1.339663 7.097923
10.317913 0.212742 6.756853
9.366443 1.603273 6.011211
7.862709 -2.142045 8.833102
9.849847 -0.948383 8.738595
10.161488 0.216613 8.605461
7.804074 -1.095560 8.523545
9.047098 0.845564 6.347349
10.088860 -2.498564 9.508715
8.497326 -0.841914 7.407613
9.200024 1.088193 8.714346
8.574519 -1.162847 8.850782
8.037085 0.351956 8.507514