493.468039 249.531597 1 9
134.054860 418.236181 1 12
278.798940 173.170319 1 13
469.709340 257.876163 1 22
320.335065 60.922737 1 25
538.209640 197.170084 1 27
372.076700 59.413685 1 31
474.952831 300.099420 1 33
377.442778 268.599144 1 35
279.278426 272.291787 1 39
301.355955 141.950210 1 40
621.123107 220.598734 1 42
458.073949 239.558520 1 43
455.914700 180.956422 1 44
521.511723 160.122200 1 46
567.053049 111.713566 1 48
637.324102 247.339003 1 49
589.884291 250.977673 1 51
572.241995 214.265982 1 53
611.090760 337.331799 1 55
548.756526 273.461426 1 57
249.562134 306.015241 1 58
604.075003 273.717799 1 59
340.193876 265.579874 1 64
583.325998 154.059955 1 66
617.254661 204.439112 1 67
511.424411 289.598494 1 69
486.675190 205.241207 1 70
612.341343 173.826292 1 73
627.764295 235.117897 1 78
558.784829 226.072561 1 80
601.440058 372.208883 1 98
538.577982 244.186823 1 100
626.354306 58.802187 1 117
470.165278 191.643882 2 30
138.062202 383.809509 2 33
450.517563 376.898766 2 41
378.148790 211.654826 2 42
156.760332 133.064747 2 44
220.946684 40.865162 2 46
391.001947 249.866378 2 49
345.060496 258.540734 2 51
513.251834 338.336000 2 52
321.263881 191.201902 2 53
363.030590 369.458751 2 55
454.806893 367.432584 2 56
281.474589 311.458576 2 57
369.088653 304.888052 2 59
468.788105 114.690235 2 60
435.147664 316.980524 2 63
332.909187 142.902335 2 66
366.198217 196.219211 2 67
425.930840 365.068684 2 68
230.922875 334.230848 2 69
180.691268 167.207233 2 70
421.972787 180.790680 2 71
363.280126 154.387717 2 73
530.681280 214.396142 2 74
393.847695 199.888851 2 75
615.468432 130.371303 2 76
403.392749 166.160130 2 77
375.538652 234.081721 2 78
305.465107 218.057547 2 80
505.883203 63.420479 2 87
419.199687 255.107997 2 99
279.943321 246.688511 2 100
426.220488 237.954540 2 114
455.261346 377.599866 2 115
600.617133 55.117805 2 124
482.706747 299.505400 2 141
510.917221 175.441683 2 142
633.428591 138.667865 2 146
637.472280 184.232487 2 147
590.552496 341.259421 2 153
565.930491 207.715467 2 154
552.710335 160.515397 2 158
604.846022 329.644961 2 160
591.912671 295.569494 2 162
570.544488 229.682186 2 164
615.173075 314.706525 2 167
596.915389 354.283372 2 172
613.722142 95.979431 2 173
575.993483 179.262196 2 174
587.115348 301.979977 2 175
94.847559 471.874394 3 33
314.642577 99.974333 3 44
48.690870 292.912136 3 64
296.529332 428.936534 3 69
210.686850 116.542734 3 70
518.603370 181.705771 3 80
465.594519 254.887042 3 100
11.384649 14.120793 4 66
220.770904 128.323818 4 71
439.601149 166.132048 4 74
166.979275 78.429625 4 77
619.993026 142.830793 4 97
43.360554 311.023338 4 99
320.167574 375.681957 4 141
363.878536 135.913805 4 142
523.578649 158.951050 4 147
631.910978 199.501869 4 150
478.860974 404.715950 4 153
478.494367 170.951755 4 154
433.758250 97.557104 4 158
593.673787 188.469326 4 159
542.810555 423.565621 4 160
500.377022 344.435547 4 161
471.865569 324.957744 4 162
425.836636 226.655497 4 164
533.080598 277.835860 4 165
481.976608 339.974822 4 167
613.010359 204.494932 4 171
451.970023 382.967135 4 172
467.101978 133.976537 4 174
467.367447 336.175530 4 175
551.181980 206.793061 4 184
572.472397 314.322814 4 190
476.717876 223.208515 4 198
606.445168 334.308070 4 199
54.063096 31.374738 5 2
243.939308 53.687502 5 3
207.046722 295.188767 5 4
3.201762 179.855352 5 5
38.967646 233.883760 5 6
188.292544 306.933772 5 7
182.861150 368.581003 5 8
139.669516 242.636649 5 9
43.663598 322.452695 5 10
140.422705 252.472011 5 11
148.006994 272.634119 5 12
213.482770 214.374700 5 13
194.055838 162.295105 5 14
36.922611 297.414483 5 16
72.382010 215.761090 5 17
138.658110 205.000092 5 18
127.547455 157.437311 5 19
31.623196 201.391406 5 20
178.810232 247.100268 5 22
106.107459 290.925540 5 23
106.943688 205.325548 5 24
304.649263 123.752663 5 25
234.133120 224.403718 5 26
225.547221 212.899303 5 27
99.614423 110.257530 5 29
206.044478 164.783953 5 31
268.216845 359.850857 5 32
412.864680 312.104235 5 33
140.706036 147.694786 5 34
354.260820 264.310376 5 35
316.502869 260.778820 5 39
329.982983 171.558431 5 40
413.428450 393.459435 5 41
587.321947 192.679162 5 42
242.699552 239.734809 5 43
546.928680 145.400394 5 44
150.738172 372.924967 5 45
374.176746 146.883220 5 46
331.729306 97.988863 5 48
478.964566 259.745700 5 51
325.046559 318.417675 5 52
428.360967 200.892943 5 53
399.229095 284.522956 5 57
220.695642 265.517984 5 58
397.270107 290.415791 5 59
122.717552 409.861086 5 62
412.946337 264.687806 5 64
204.839887 94.838125 5 65
474.669778 314.901582 5 69
449.055655 193.010071 5 70
298.592239 78.904599 5 72
90.373527 283.694684 5 79
568.246860 211.605689 5 80
375.890582 423.960091 5 98
574.808350 248.289772 5 100
497.478355 466.559598 5 115
342.187708 0.946138 5 117
104.756290 183.630711 6 30
29.915012 209.931867 6 42
92.053484 250.654359 6 49
107.941962 376.519814 6 55
246.589715 388.368618 6 56
243.424514 92.137297 6 60
131.869966 326.969454 6 63
226.669103 139.125883 6 66
163.101582 193.449687 6 67
161.289330 380.469109 6 68
305.460026 172.815363 6 71
128.320283 149.517442 6 73
267.413926 207.749969 6 74
125.110199 196.431082 6 75
215.230774 89.184798 6 76
264.602849 157.979838 6 77
171.877602 233.648833 6 78
243.058058 452.379958 6 94
427.519560 167.687422 6 97
162.066084 256.862256 6 99
399.691403 145.197989 6 105
204.394413 379.844493 6 112
111.395169 237.713235 6 114
290.451721 311.516207 6 141
394.992813 159.354791 6 142
618.281772 387.374514 6 145
220.140316 97.583854 6 146
522.724449 158.934076 6 147
596.016665 80.349748 6 151
443.930857 378.420906 6 153
348.176401 197.442760 6 154
388.173203 136.316603 6 158
383.219482 363.819984 6 160
604.003369 365.412084 6 161
466.840937 316.244645 6 162
610.154105 131.824070 6 163
516.640348 226.109555 6 164
538.495197 345.963759 6 167
528.595324 203.646749 6 170
552.939936 398.975927 6 172
416.200427 38.410689 6 173
410.951075 158.560419 6 174
457.955245 324.513635 6 175
132.750170 72.396053 7 96
576.446015 466.414593 7 126
571.712742 96.022423 7 128
556.017165 184.539330 7 132
383.441396 263.685368 7 143
411.882476 202.511254 7 144
153.478544 396.564883 7 145
137.289218 150.825039 7 147
273.583709 119.156105 7 148
466.718298 229.464755 7 149
359.085408 198.194534 7 150
27.162605 426.924467 7 153
249.943095 184.922729 7 159
233.611069 350.520009 7 161
74.705648 334.726789 7 162
141.614933 122.166029 7 163
169.207538 225.722908 7 164
290.326449 279.420317 7 165
375.819579 183.687609 7 166
173.738932 347.802571 7 167
415.118919 280.061839 7 168
95.466246 196.570967 7 170
317.629436 202.882100 7 171
201.109580 391.863678 7 172
60.792847 347.673196 7 175
459.111694 430.839638 7 176
311.735350 109.148092 7 177
236.022253 349.540951 7 178
218.828409 384.251052 7 179
235.711357 200.392760 7 181
576.336469 36.626604 7 182
363.117264 206.248386 7 184
326.909700 100.695096 7 185
420.785911 241.626885 7 186
625.202233 168.089513 7 187
449.074617 315.201672 7 188
259.464764 318.868119 7 190
280.349468 468.236500 7 192
451.708290 254.569987 7 193
485.048144 238.334091 7 194
406.967381 179.143107 7 195
392.546484 37.763732 7 197
306.894933 222.780615 7 198
358.533181 336.944052 7 199
595.839561 306.215397 7 200
597.298320 299.953019 8 1
620.944472 197.542625 8 5
568.741683 266.219605 8 15
634.517816 210.179431 8 20
613.622260 444.735666 8 28
609.376228 286.944366 8 47
564.550103 456.692274 8 50
540.743497 210.567841 8 82
305.045853 388.614444 8 86
541.586768 371.330184 8 88
548.360829 111.841902 8 89
484.219160 281.094967 8 91
421.536820 74.970932 8 96
426.255038 150.713413 8 101
187.576953 268.717491 8 102
610.128269 241.352913 8 103
421.579285 342.598058 8 104
625.626470 261.189486 8 108
544.079812 243.338135 8 109
546.789091 108.603560 8 110
444.140038 279.990471 8 111
363.869465 188.573755 8 116
420.792087 149.874839 8 118
451.029988 373.273318 8 119
423.136585 316.944302 8 120
543.064988 340.625786 8 122
382.452521 402.214434 8 123
537.563964 285.808539 8 125
59.741575 439.817398 8 126
175.536259 73.068812 8 127
136.601601 140.540728 8 128
292.406202 389.483684 8 129
220.922344 209.726975 8 131
534.843247 335.896820 8 133
68.869886 209.925941 8 134
481.752918 39.581329 8 137
305.634136 288.881427 8 139
297.943633 263.986101 8 140
520.807131 55.582139 8 151
371.534967 449.322102 8 157
87.104010 74.919977 8 182
224.122305 168.550807 8 183
116.902828 192.703944 8 187
96.038964 151.589241 8 191
270.895442 191.982943 8 196
296.296220 143.343852 8 197
598.991112 122.901630 9 150
364.494508 339.646671 9 165
582.216557 102.231781 9 171
425.512620 182.352600 9 184
634.063508 382.335715 9 188
316.929425 211.226194 9 198
524.556228 468.791752 9 199
278.734441 329.579835 10 143
372.759749 132.211437 10 144
528.400055 209.319992 10 149
187.611179 80.215028 10 150
271.002419 175.511398 10 184
445.375088 406.897972 10 188
513.655220 290.462658 10 193
500.801457 236.749320 10 194
172.827849 208.286696 10 198
