-42.4913 -22.3158 3.55049  1 0
5.95918 5.61456 16.7142  1 1
12.8983 8.89749 27.8487  1 2
12.7737 -4.09911 28.1101  1 3
4.97589 -3.92193 16.0222  1 4
-50.7259 -13.8329 8.18779  1 5
-13.0776 -5.0032 23.3313  1 6
-12.6578 3.17768 44.3275  1 7
-5.13554 -11.3097 25.4461  1 8
-20.1136 -5.83973 15.9681  1 9
-23.7841 -21.0848 12.8719  1 10
3.46921 2.96834 24.1671  1 11
-21.3253 3.16208 22.8394  1 12
-14.4566 -18.3863 13.7075  1 13
-5.8593 -15.0291 29.914  1 14
9.78476 -10.9238 24.2266  1 15
11.2181 -9.49317 28.0946  1 16
-5.20124 4.27709 25.823  1 17
0.549562 -2.39535 22.8827  1 18
-17.2451 3.22732 19.4824  1 19
7.89914 -1.07265 30.7461  1 20
14.877 -1.10859 33.2289  1 21
16.4362 -11.9001 32.2775  1 22
-2.25662 -5.21247 12.655  1 23
-31.7573 7.33254 13.7958  1 24
-9.00725 2.48077 25.1138  1 25
4.9171 2.38704 20.4075  1 26
-17.0674 -8.13943 43.9543  1 27
-3.00616 2.8733 15.6802  1 28
-4.38953 -8.45227 20.8591  1 29
-22.1954 2.41449 20.174  1 30
-43.0678 -18.2818 35.1144  1 31
-23.6135 -12.651 24.2071  1 32
-4.33678 -8.42264 19.7343  1 33
26.349 -6.36537 35.9102  1 34
5.4768 7.4565 38.6731  1 35
1.66402 9.26118 20.9782  1 36
-29.4759 7.00524 6.80124  1 37
-16.7113 -1.15063 28.6786  1 38
-1.00275 -2.41847 31.6423  1 39
-10.8325 -2.58776 28.5805  1 40
4.0616 -7.33823 30.3143  1 41
-24.483 -8.46761 5.39228  1 42
-12.4313 5.22416 23.4137  1 43
7.05902 8.75628 24.1755  1 44
-6.96732 -29.3147 32.344  1 45
-11.3498 -13.115 24.2706  1 46
2.93267 -0.277294 18.5401  1 47
9.5172 11.953 25.0671  1 48
-10.7887 7.01191 27.7444  1 49
-12.4159 -7.93125 15.0591  1 50
-31.2897 -19.2672 21.2623  1 51
15.0986 -8.98832 32.1343  1 52
4.25187 -19.4395 29.1267  1 53
0.354313 13.1829 32.6171  1 54
0.138422 -2.50962 21.6135  1 55
4.13152 -0.216473 25.2608  1 56
16.1346 8.59697 31.1187  1 57
-30.2942 0.799779 9.1399  1 58
-38.0094 -22.1081 5.80764  1 59
-20.2355 -0.224944 45.7524  1 60
14.0057 0.127523 27.6378  1 61
0.0897822 -9.67316 19.4312  1 62
2.28118 -10.113 32.6737  1 63
-15.5364 -14.7683 22.1794  1 64
-21.4656 -15.9281 27.1207  1 65
-34.2229 -16.6038 13.7348  1 66
-6.42133 -5.47882 34.9869  1 67
-13.3519 -13.3465 13.4235  1 68
14.4143 3.22272 30.2402  1 69
-21.9759 5.00702 22.2654  1 70
7.91442 -7.85972 37.2818  1 71
17.9993 -8.17828 59.666  1 72
6.97419 -14.2398 21.1959  1 73
-28.6237 -11.0132 19.1039  1 74
10.6097 -9.54837 33.1585  1 75
6.21938 -10.5297 22.151  1 76
-14.349 -4.80838 18.9245  1 77
-14.1277 8.85902 32.3605  1 78
-23.0154 -0.710906 28.0859  1 79
12.7154 -2.88137 26.7883  1 80
-18.8681 -5.13354 14.1349  1 81
-6.68744 -4.83754 24.1729  1 82
7.07741 -16.7472 29.4593  1 83
-16.2024 10.5835 40.6101  1 84
-15.9035 -18.7183 12.3988  1 85
-43.9092 -15.6647 18.3794  1 86
-2.47427 0.731838 22.8401  1 87
-23.8688 -5.51492 39.7723  1 88
-1.77777 -13.576 19.8315  1 89
-22.9585 -0.11779 5.38884  1 90
-6.68295 -5.99004 32.7599  1 91
2.73034 -9.30213 37.9864  1 92
-23.4972 -6.47742 6.81842  1 93
-30.6505 -14.9599 23.864  1 94
-12.1691 5.41555 58.5793  1 95
-36.0635 3.62431 9.60552  1 96
-13.7483 -7.02938 21.8938  1 97
-0.195186 -20.0912 26.6124  1 98
-40.687 -9.60356 4.57612  1 99
7.68602 -8.24024 32.9222  1 100
-2.78838 -7.86216 22.0727  1 101
-36.1888 0.782083 41.5827  1 102
-11.3863 -11.5163 21.307  1 103
-11.4259 -7.49634 22.1078  1 104
-18.7676 -0.310129 21.7524  1 105
-18.0025 -5.28379 11.9717  1 106
-18.4608 -16.4507 9.24382  1 107
-30.1763 -12.9539 14.1839  1 108
-20.3748 -8.60981 13.4337  1 109
-26.5633 -29.1186 16.0221  1 110
-22.5545 -11.3767 24.1762  1 111
-35.9067 -19.263 12.3433  1 112
-20.5059 -8.41809 15.5175  1 113
-34.1176 -27.6037 21.055  1 114
-33.3749 -19.7302 26.4024  1 115
-34.7951 -3.999 23.0545  1 116
-48.5325 -19.2298 30.8511  1 117
-29.3928 -6.15327 22.2317  1 118
-23.3636 -14.3842 19.626  1 119
-49.1377 -8.79245 19.412  1 120
-39.8918 -3.03415 22.209  1 121
-41.8551 -34.0691 14.6121  1 122
-42.5622 -37.3902 21.9442  1 123
-51.2875 -28.4705 31.2261  1 124
-41.3186 -10.8143 22.6806  1 125
-37.9004 -16.7024 24.7794  1 126
-43.7005 -32.2255 -0.566469  1 127
-36.8906 0.164716 25.6265  1 128
-39.6075 -15.0569 14.255  1 129
-38.5909 -15.6064 29.6366  1 130
-51.3793 -29.9184 26.8872  1 131
-57.8106 -13.5867 5.94197  1 132
-54.1001 2.94901 16.7697  1 133
-28.9033 -13.406 14.0179  1 134
-39.6631 -1.93505 9.68401  1 135
-44.6767 -21.6309 22.4645  1 136
-55.7625 -20.6343 21.4249  1 137
-36.6385 -10.3057 14.2743  1 138
-41.9757 -11.7736 28.2112  1 139
-47.3355 -11.1272 31.3605  1 140
-75.5149 -16.3199 7.45958  1 141
-42.5512 -23.3987 5.52815  1 142
-43.7427 -18.4621 26.8039  1 143
-47.1374 -15.6951 13.0778  1 144
-45.6651 -1.13352 24.1952  1 145
-61.9256 -7.14401 24.5053  1 146
-51.4749 -7.27677 22.5287  1 147
-57.3504 -22.8148 14.849  1 148
-34.7263 -15.6861 16.3131  1 149
-45.4664 -6.30183 10.6808  1 150
-82.4138 2.11169 11.4019  1 151
-52.7309 -12.0696 28.2145  1 152
-48.4475 -10.7791 20.3144  1 153
-64.9373 -8.86513 19.4846  1 154
-58.3252 -30.6673 -5.45905  1 155
-68.5677 -15.2251 14.5406  1 156
-51.6027 -9.10533 1.49775  1 157
-44.8729 -16.5037 18.3553  1 158
-55.0083 -24.3898 25.5612  1 159
-61.1692 -2.27787 21.7932  1 160
-51.6829 -12.7279 12.7112  1 161
-46.5498 -7.36802 8.15446  1 162
-62.4552 -30.2682 5.86357  1 163
-55.8165 -20.9042 24.4364  1 164
-61.0202 -3.81771 27.2817  1 165
-54.3717 -12.5361 7.45012  1 166
-59.4125 -14.5924 11.9924  1 167
-66.8542 -12.0812 23.3253  1 168
-67.3908 -4.15324 10.876  1 169
-74.8478 -2.24902 27.8492  1 170
-61.3362 -8.96793 29.7938  1 171
-68.3865 -4.79353 25.1256  1 172
-77.1957 -9.90516 24.8797  1 173
-72.3192 -6.70487 2.91856  1 174
-85.5327 6.52887 3.82578  1 175
-87.4401 -17.7723 15.5151  1 176
-101.389 -5.73978 14.4492  1 177
-61.6125 -10.0952 5.06778  1 178
-65.0146 -18.8059 13.0017  1 179
-64.0104 -4.87073 13.5076  1 180
-76.3049 -24.5257 2.67305  1 181
-61.494 -16.744 19.2963  1 182
-93.9977 -8.77207 8.96473  1 183
-74.5797 -11.9372 21.4103  1 184
-75.5205 8.739 11.7778  1 185
-77.4065 3.68896 22.9653  1 186
-63.0126 -5.43122 8.92769  1 187
-53.0405 -12.1976 14.4242  1 188
-62.8157 -7.08377 12.7563  1 189
-68.8321 -15.7704 2.05576  1 190
-70.1559 -4.98173 26.6874  1 191
-66.715 -0.701636 15.5644  1 192
-90.5549 -5.57489 17.6021  1 193
-70.4974 -10.2198 18.7954  1 194
-72.2714 -14.1489 18.3593  1 195
-75.3114 1.66028 7.33031  1 196
-69.1727 -19.8454 6.64229  1 197
-91.4971 2.48626 5.59459  1 198
-77.9248 3.50955 30.5271  1 199
-75.4198 -5.09849 3.67077  1 200
-82.6194 8.21789 8.20794  1 201
-72.8691 -9.37087 9.15872  1 202
-69.5117 -11.4692 10.4679  1 203
-76.6653 -5.81977 5.50713  1 204
-92.3814 1.19552 9.0974  1 205
-73.071 -21.8823 7.71104  1 206
-67.1011 -17.2218 15.9027  1 207
-75.9738 -0.74756 8.04352  1 208
-88.3746 5.56114 1.65643  1 209
-107.925 -11.6311 0.126576  1 210
-103.202 -10.86 25.6728  1 211
-101.736 -1.67787 32.9582  1 212
-101.188 -24.7744 33.6242  1 213
-80.286 -6.68198 21.6713  1 214
-76.226 -4.38632 13.7888  1 215
-87.8787 8.62864 25.2058  1 216
-91.2601 -16.991 17.5597  1 217
-123.574 -21.9729 -11.8812  1 218
-95.9896 -29.3255 8.02139  1 219
-79.3566 -3.22457 13.2773  1 220
-93.0138 -21.6785 4.65334  1 221
-86.5778 -1.17505 17.4913  1 222
-80.9671 1.98014 26.6029  1 223
-75.5955 -11.3254 18.6036  1 224
-84.0534 -24.242 8.82055  1 225
-89.6565 -6.13827 0.97461  1 226
-94.31 -24.6776 29.0876  1 227
-102.11 1.899 16.4897  1 228
-102.314 15.3153 23.6731  1 229
-104.526 -20.8865 23.0489  1 230
-95.6379 -19.7234 14.5056  1 231
-119.114 -21.4626 0.558319  1 232
-81.4371 -4.69534 15.02  1 233
-116.049 -10.5395 -7.79619  1 234
-107.314 -16.6616 -8.10546  1 235
-127.255 -34.1302 21.6937  1 236
-106.169 3.95337 25.5306  1 237
-94.011 -9.04558 9.62442  1 238
-99.8062 4.2125 13.941  1 239
-133.175 12.6966 31.9824  1 240
-143.705 -20.7142 -6.00391  1 241
-114.257 -24.817 16.5883  1 242
-98.5517 -10.3113 23.3901  1 243
-103.011 -17.5477 -6.54334  1 244
-90.1287 -2.93891 17.7375  1 245
-127.211 5.4748 30.9137  1 246
-107.603 -5.30714 1.17149  1 247
-141.373 -12.1308 -3.34245  1 248
-116.597 6.0507 24.8468  1 249
-126.366 11.3723 28.9583  1 250
-97.6492 -4.08461 26.9219  1 251
-124.901 -26.4943 1.07703  1 252
-119.625 -8.09019 7.49992  1 253
-135.387 -21.7491 11.7191  1 254
-145.653 -15.6389 18.7236  1 255
-120.884 -7.51401 12.6361  1 256
-123.018 -20.1665 21.1867  1 257
-152.116 -13.3313 24.8921  1 258
-97.5901 -19.4619 13.7111  1 259
-136.404 -6.44496 8.57067  1 260
-93.6116 -13.96 13.1178  1 261
-108.058 -14.0433 -2.01436  1 262
-119.522 1.89978 12.7812  1 263
-128.555 0.670007 12.7534  1 264
-116.771 -19.019 17.8958  1 265
-143.505 -22.2654 8.92495  1 266
-133.615 -3.76324 -3.70013  1 267
-114.912 -18.4961 16.3037  1 268
-142.56 11.0321 34.7624  1 269
-136.28 -22.7571 11.8035  1 270
-152.975 10.3566 -6.48161  1 271
-143.925 -2.62412 20.0341  1 272
-127.674 -24.3451 23.3472  1 273
-130.045 9.29022 11.6611  1 274
-159.547 0.129919 14.7364  1 275
-133.517 -20.3275 6.17259  1 276
-136.48 -23.2764 8.73836  1 277
-119.618 -13.651 24.8104  1 278
-118.797 -5.69801 12.0656  1 279
-133.264 -10.4512 27.1281  1 280
-131.479 -15.9272 21.5672  1 281
-143.944 -23.6571 27.4346  1 282
-140.037 -27.7304 -1.44573  1 283
-153.948 6.91057 14.1878  1 284
-136.272 -25.9916 15.3415  1 285
-143.138 -19.7141 -7.30461  1 286
-150.661 9.09051 38.4773  1 287
-166.678 2.59424 2.96938  1 288
-146.058 -30.9653 -2.80639  1 289
-149.039 -3.15303 -3.40007  1 290
-141.876 -8.02225 28.7427  1 291
-138.228 -5.5348 27.3353  1 292
-133.681 -18.3222 8.23212  1 293
-146.39 -36.7435 45.6358  1 294
-140.166 5.26409 2.64159  1 295
-157.278 9.17908 -1.34062  1 296
-161.388 -20.915 23.5737  1 297
-151.278 9.03641 5.40439  1 298
-164.026 -6.34334 5.05919  1 299
-146.406 -18.0416 23.1761  1 300
-140.431 -8.62293 10.5883  1 301
-147.71 0.667523 21.6547  1 302
-156.943 -11.251 12.9967  1 303
-136.051 -12.293 16.1973  1 304
-148.135 0.351198 10.7216  1 305
-175.035 -0.824399 3.51639  1 306
-153.25 4.67081 6.4187  1 307
-155.547 4.33449 21.7419  1 308
-150.995 -18.6395 19.8014  1 309
-164.364 10.8148 15.7907  1 310
-145.979 8.21721 10.486  1 311
-167.239 -1.75568 15.6864  1 312
-160.337 -1.34986 16.4508  1 313
-173.539 -23.7441 12.6267  1 314
-152.479 -15.1216 8.72993  1 315
-151.429 1.68244 30.1094  1 316
-161.38 -9.36622 8.49754  1 317
-155.534 -21.0752 19.5535  1 318
-142.577 -8.73232 15.2343  1 319
-171.591 -17.6825 20.9287  1 320
-146.853 -14.5612 13.5365  1 321
-178.422 11.414 24.674  1 322
-144.973 -14.7556 22.4624  1 323
-162.753 0.215985 23.656  1 324
-166.983 -15.6007 12.6707  1 325
-171.832 -17.6746 27.9847  1 326
-159.975 -16.8325 36.6163  1 327
-169.558 -10.4469 7.08668  1 328
-161.882 -11.8662 17.659  1 329
-167.724 -19.2603 0.955955  1 330
-155.591 -19.3582 4.91713  1 331
-161.298 9.76625 25.9157  1 332
-165.311 -18.2704 23.6225  1 333
-145.885 -17.1458 25.5445  1 334
-167.121 -1.62609 19.6913  1 335
-159.625 10.2419 40.1008  1 336
-174.651 -4.87097 14.5782  1 337
-159.572 -16.2716 11.725  1 338
-184.93 -4.27233 22.0873  1 339
-164.204 -22.0767 13.2104  1 340
-172.024 0.544229 4.69072  1 341
-173.016 -21.2714 16.7602  1 342
-175.871 6.57825 15.9931  1 343
-161.873 -11.0166 31.8165  1 344
-153.998 -4.49761 16.8585  1 345
-161.167 -14.8671 19.6005  1 346
-168.626 -17.191 11.2055  1 347
-175.811 -10.9956 14.0203  1 348
-183.269 -8.04614 15.437  1 349
-157.746 -3.25015 21.0308  1 350
-173.715 -15.2002 11.8817  1 351
-164.758 -10.8327 23.5884  1 352
-167.651 -18.1558 12.641  1 353
-161.793 2.4527 18.5322  1 354
-159.935 -1.49498 16.2304  1 355
-183.122 -5.2041 21.644  1 356
-185.218 -14.8794 26.9333  1 357
-174.177 -7.47039 27.7878  1 358
-179.164 -15.3829 21.4328  1 359
-174.399 -21.976 21.0116  1 360
-190.272 -4.13613 8.47225  1 361
-183.715 -9.02667 2.8568  1 362
-177.825 -3.13193 25.7998  1 363
-173.856 -19.8144 22.0126  1 364
-168.023 -14.1939 15.8236  1 365
-204.75 -7.74103 13.038  1 366
-170.004 -14.9624 21.2998  1 367
-178.913 4.56264 9.41358  1 368
-195.23 -8.0001 32.0141  1 369
-191.127 -18.5762 19.6801  1 370
-240.903 -7.33368 23.7121  1 371
-190.519 -9.44483 8.97315  1 372
-185.93 -21.16 4.38898  1 373
-183.956 -11.5395 24.7541  1 374
-186.103 -7.12063 25.4758  1 375
-196.624 1.39874 18.2632  1 376
-189.458 -16.8836 34.3379  1 377
-179.062 -12.1779 27.4574  1 378
-188.861 -13.1621 33.5503  1 379
-187.627 1.20848 22.6609  1 380
-188.05 2.32438 18.7572  1 381
-188.143 -13.2105 18.2454  1 382
-186.904 -8.39751 23.6831  1 383
-199.424 -11.2994 9.5148  1 384
-190.199 -3.43377 34.6611  1 385
-189.573 -15.6341 23.0258  1 386
-184.44 -16.3791 15.4972  1 387
-187.873 -17.5838 10.9239  1 388
-187.398 -7.93934 26.8791  1 389
-177.129 -2.24204 17.0109  1 390
-202.053 0.395805 25.9453  1 391
-191.436 -16.5169 15.6505  1 392
-195.907 -23.7787 12.7836  1 393
-174.34 -12.5829 15.1254  1 394
-199.219 -18.4856 24.7121  1 395
-181.297 -6.15492 22.3563  1 396
-236.99 3.7822 10.7846  1 397
-195.854 -26.213 13.8496  1 398
-190.08 -16.444 14.2511  1 399
-220.928 -27.8904 25.1941  1 400
-195.741 -17.0755 32.1911  1 401
-189.022 -15.1813 24.7391  1 402
-204.551 -15.9393 22.2267  1 403
-194.447 -19.7798 30.3462  1 404
-198.065 2.25778 11.5259  1 405
-197.977 -5.76702 27.4933  1 406
-199.935 -32.2226 7.63866  1 407
-236.926 -6.36253 23.5654  1 408
-198.609 3.13192 27.6492  1 409
-198.12 -4.92662 24.9867  1 410
-214.286 -3.10299 26.0083  1 411
-225.244 -0.0766594 21.3899  1 412
-207.452 -5.62826 32.127  1 413
-195.799 -16.663 22.5107  1 414
-196.753 -10.0799 11.3052  1 415
-193.283 -9.6575 20.7235  1 416
-195.125 -14.4214 26.6826  1 417
-218.213 -6.86542 21.926  1 418
-198.331 -7.53903 19.4853  1 419
-211.079 -21.218 9.04721  1 420
-203.819 -12.4563 29.3255  1 421
-199.855 2.43106 12.0012  1 422
-217.939 -9.16702 15.3217  1 423
-198.741 -1.68845 34.5543  1 424
-212.201 -13.2407 28.9667  1 425
-229.607 -21.6056 0.923124  1 426
-203.452 -12.2853 13.0844  1 427
-196.562 -13.9366 11.7325  1 428
-220.634 -18.3687 16.5269  1 429
-227.709 -36.3261 38.1457  1 430
-193.212 -5.29513 22.1855  1 431
-211.107 8.06578 23.6007  1 432
-206.874 3.5708 16.1603  1 433
-214.787 -22.4534 26.2831  1 434
-219.647 -9.3576 31.5567  1 435
-206.008 -13.3075 31.7138  1 436
-202.573 -20.6465 23.0178  1 437
-200.352 -19.8256 15.6687  1 438
-208.172 3.51696 19.6682  1 439
-238.117 -40.8917 30.2349  1 440
-216.568 -4.19379 14.9452  1 441
-197.838 -16.4316 23.2175  1 442
-229.516 -16.7996 -1.61859  1 443
-231.796 -2.16722 23.6871  1 444
-191.672 -14.2967 22.3751  1 445
-220.851 -26.7248 31.967  1 446
-221.737 -3.12602 14.2358  1 447
-209.907 -13.9167 36.738  1 448
-196.936 -2.22285 13.3391  1 449
-201.95 2.74349 8.78209  1 450
-208.854 -3.91976 12.7508  1 451
-252.476 3.72841 26.1537  1 452
-261.145 -6.14739 45.6302  1 453
-203.608 0.634338 28.6717  1 454
-195.516 -3.68881 20.6626  1 455
-215.132 -1.07079 34.9145  1 456
-197.177 -9.79367 24.0186  1 457
-220.199 0.693868 11.2451  1 458
-260.618 -6.54602 32.3725  1 459
-220.092 0.8704 22.8938  1 460
5.45333e+12 -1.0737e+11 -6.2538e+11  1 461
-225.9 -18.0523 29.7812  1 462
-228.315 3.11032 32.2809  1 463
-217.398 3.80072 11.2565  1 464
-229.056 -18.4983 49.383  1 465
-238.964 -5.60707 30.9149  1 466
-212.329 -12.5492 29.1568  1 467
-223.364 -8.3751 32.5906  1 468
-256.536 17.7372 49.6343  1 469
-226.53 -14.7686 1.21462  1 470
-217.012 -27.9076 38.4219  1 471
-232.493 -28.2509 26.9359  1 472
-209.358 -7.60979 15.6681  1 473
-237.582 -17.605 24.5629  1 474
-215.546 -8.80096 21.562  1 475
-228.103 -16.2409 23.2772  1 476
-237.614 -0.274597 47.1424  1 477
-229.129 3.88052 24.7773  1 478
-240.717 -8.82487 42.8039  1 479
-231.634 2.65695 20.1415  1 480
-245.655 1.62111 -0.301039  1 481
-234.479 -24.3825 14.9794  1 482
-227.632 -4.539 35.3474  1 483
-239.127 -23.6985 36.7772  1 484
-249.707 -5.61274 18.3794  1 485
-241.668 -3.42423 6.53427  1 486
-220.827 -8.51418 26.4112  1 487
-238.027 -8.88099 20.8271  1 488
-223.607 -18.165 19.9985  1 489
-230.588 -12.4195 34.768  1 490
-243.565 3.24526 33.1307  1 491
-249.3 -1.44364 22.7136  1 492
-236.786 -7.78964 28.6311  1 493
-243.426 -10.2728 46.3283  1 494
-243.812 -7.02138 12.1255  1 495
-257.386 -19.0156 27.5633  1 496
-242.496 -13.7891 8.28291  1 497
-291.319 -1.40502 18.9662  1 498
-248.167 -31.869 35.1342  1 499
-257.274 -20.1319 23.7432  1 500
-261.843 0.610106 31.2289  1 501
-252.562 -29.2212 24.9864  1 502
-242.126 -6.53226 20.3814  1 503
-237.429 -17.4985 33.433  1 504
-259.26 -24.2704 30.3283  1 505
-253.92 -11.766 20.1111  1 506
-253.453 2.68302 22.8562  1 507
-256.076 -20.776 33.8536  1 508
-242.346 -18.9157 23.789  1 509
-245.14 -20.3924 40.1901  1 510
-277.525 -28.6317 10.8779  1 511
-262.049 -29.3809 25.2611  1 512
-253.082 -4.86856 10.1727  1 513
-262.745 -13.7984 46.6553  1 514
-259.463 -15.9784 24.6901  1 515
-260.831 -16.8777 18.1701  1 516
-249.41 -13.8297 30.7158  1 517
-256.379 -15.3727 22.8317  1 518
-278.261 3.65553 36.6645  1 519
-249.115 -6.61299 16.8867  1 520
-256.803 -4.97195 34.6492  1 521
-262.761 -28.6564 31.8354  1 522
-248.459 -13.327 29.4193  1 523
-268.909 -18.7109 7.96535  1 524
-247.441 -13.6617 42.4567  1 525
-266.518 9.1448 23.431  1 526
-249.702 -26.2078 12.6995  1 527
-277.272 -7.34781 27.6222  1 528
-267.848 -39.9241 38.7726  1 529
-250.011 -17.9686 40.1244  1 530
-260.963 -11.4623 40.3111  1 531
-276.081 -29.5787 15.7698  1 532
-287.466 -11.8172 27.6375  1 533
-268.313 -2.89337 28.362  1 534
-302.841 7.94779 46.8362  1 535
-266.735 -10.3224 13.8168  1 536
-254.172 -13.2143 32.8534  1 537
-260.457 -18.2624 17.6777  1 538
-284.543 -6.66947 21.634  1 539
-271.525 -27.8806 42.8987  1 540
-269.03 -5.11397 23.1616  1 541
-274.919 -19.1636 24.1241  1 542
-288.544 18.4846 7.36136  1 543
-289.189 -36.324 45.2267  1 544
-278.524 -18.0746 10.4358  1 545
-284.676 -28.0895 46.0844  1 546
-280.664 -15.6359 24.7937  1 547
-268.834 -9.70591 70.6501  1 548
-277.559 -10.2663 23.3462  1 549
-275.704 -2.63153 25.3588  1 550
-291.844 -19.7675 49.6755  1 551
-290.237 -24.7421 40.6903  1 552
-277.176 -10.5409 40.9205  1 553
-281.513 -6.06094 37.7054  1 554
-287.373 -6.90057 37.3888  1 555
-285.552 -19.9329 21.3242  1 556
-274.356 -12.0379 25.3492  1 557
-280.274 -17.8708 43.8955  1 558
-314.316 4.82266 11.8613  1 559
-279.523 -21.4787 32.0217  1 560
-310.372 -14.2079 34.2081  1 561
-312.965 10.7616 34.6759  1 562
-300.117 -19.6591 28.4301  1 563
-290.65 3.57477 38.4073  1 564
-275.336 -20.0219 22.3652  1 565
-291.622 -11.5778 35.5237  1 566
-292.602 4.96632 17.3496  1 567
-284.388 -8.64139 27.684  1 568
-284.126 -17.7431 30.5953  1 569
-290.733 -3.04075 39.9294  1 570
-309.854 -18.4504 38.5693  1 571
-285.764 -23.7161 26.0796  1 572
-297.177 -21.5001 10.4507  1 573
-294.525 -6.77519 20.6481  1 574
-353.574 -24.1577 7.19019  1 575
-317.106 -9.22466 14.4764  1 576
-282.947 -12.426 37.0735  1 577
-307.866 -14.1835 38.7884  1 578
-320.832 -11.22 40.2839  1 579
-310.596 -7.9264 47.0979  1 580
-312.909 18.3373 34.5047  1 581
-280.855 -8.18762 30.4269  1 582
-321.55 -18.5599 32.384  1 583
-312.394 -10.4193 19.0002  1 584
-320.112 -0.703192 13.2981  1 585
-312.381 -3.2467 32.8494  1 586
-287.242 -5.53095 36.3393  1 587
-289.625 -6.0733 33.1753  1 588
-315.866 1.47932 19.1714  1 589
-315.802 -5.02861 33.9132  1 590
-323.732 -19.9183 5.45901  1 591
-303.445 5.16454 17.43  1 592
-286.047 -8.06107 31.9547  1 593
-295.844 -21.9887 16.2388  1 594
-319.603 -9.90309 39.8717  1 595
-314.669 -20.7792 36.9046  1 596
-304.39 -9.26757 41.6927  1 597
-312.739 -15.34 26.2148  1 598
-317.52 -29.123 12.8803  1 599
-318.438 -4.06085 16.6311  1 600
-293.744 -7.13549 32.3193  1 601
-309.723 6.33784 48.5687  1 602
-320.051 -15.0237 49.8387  1 603
-324.82 -6.45093 45.8314  1 604
-316.536 -4.28181 15.3709  1 605
-320.466 -0.556227 37.1375  1 606
-316.406 -2.35828 33.2625  1 607
-319.074 -0.958046 21.1388  1 608
-315.935 -6.81691 40.1684  1 609
-345.478 15.8225 12.117  1 610
-341.789 -7.02456 47.8254  1 611
-317.729 -21.0783 27.1225  1 612
-342.712 -29.6337 30.3685  1 613
-317.673 -6.87075 16.4821  1 614
-355.245 -23.2719 15.4756  1 615
-315.032 -16.6525 14.2362  1 616
-324.947 -13.5433 16.0313  1 617
-315.286 -22.5905 19.6905  1 618
-333.635 -9.1309 37.9982  1 619
-314.463 -7.36446 29.4195  1 620
-355.552 -28.06 43.6271  1 621
-343.347 -5.54555 17.2287  1 622
-338.275 -23.5205 35.0827  1 623
-315.616 -3.86985 28.3962  1 624
-343.558 -39.3072 34.1037  1 625
-343.915 -27.7837 17.9152  1 626
-343.553 -7.55271 37.3253  1 627
-333.579 -26.0374 46.9917  1 628
-341.295 -8.48955 15.6126  1 629
-342.492 -20.6106 11.645  1 630
-316.838 -11.7099 39.5309  1 631
-315.021 -4.80698 28.1741  1 632
-320.378 0.22165 22.6284  1 633
-340.484 -25.7006 25.7319  1 634
-341.756 -8.0925 28.5479  1 635
-353.883 -6.32937 49.0135  1 636
-336.061 0.371555 35.8329  1 637
-355.128 -14.7477 24.904  1 638
-361.4 -33.1729 28.8758  1 639
-339.791 -20.1821 45.9111  1 640
-341.023 -15.4643 23.4489  1 641
-356.764 -5.40793 18.7194  1 642
-349.061 1.26044 42.4498  1 643
-356.592 -11.1392 19.9182  1 644
-338.574 -13.398 25.7292  1 645
-328.222 -15.2288 35.5714  1 646
-342.248 -17.8944 29.8942  1 647
-349.438 5.33972 14.2461  1 648
-340.029 3.13794 47.0123  1 649
-371.876 -9.21758 19.2822  1 650
-346.077 -19.9767 35.7626  1 651
-341.864 -22.8118 19.3214  1 652
-353.043 0.0602532 20.7542  1 653
-364.203 -11.8652 49.6317  1 654
-347.513 7.53846 54.027  1 655
-363.239 -14.3489 32.624  1 656
-351.883 -8.33879 48.8855  1 657
-342.62 -4.24242 39.872  1 658
-337.836 -9.27782 17.3328  1 659
-343.528 -23.9217 14.9229  1 660
-362.269 -8.1262 35.0345  1 661
-360.057 -28.5578 20.8919  1 662
-338.779 -4.15494 29.7329  1 663
-357.331 -0.833993 46.6835  1 664
-359.077 -17.033 25.614  1 665
-342.312 -13.7075 28.8749  1 666
-353.222 -10.4362 27.238  1 667
-358.969 -23.7034 42.4998  1 668
-366.324 -8.72207 34.3855  1 669
-349.967 -3.73165 36.5728  1 670
-351.45 -23.0515 41.6002  1 671
-349.527 -12.466 38.1902  1 672
-349.674 -16.1759 25.8986  1 673
-356.085 -0.367708 79.0332  1 674
-341.35 -6.35176 33.3063  1 675
-360.045 -10.3923 37.5665  1 676
-362.339 -24.1167 32.1944  1 677
-377.084 9.64174 37.3975  1 678
-372.594 -18.3485 29.2669  1 679
-364.531 -26.8444 46.7355  1 680
-370.519 -16.0472 9.23404  1 681
-355.852 -17.6217 22.0642  1 682
-372.833 0.0724677 43.2495  1 683
-391.242 0.188857 36.2822  1 684
-360.302 -11.4838 29.1654  1 685
-360.69 -1.60811 24.4102  1 686
-377.281 -27.4197 27.0557  1 687
-365.674 -27.9893 43.9555  1 688
-371.27 -23.8106 41.4336  1 689
-376.284 -12.3104 41.4859  1 690
-365.13 0.13107 15.3848  1 691
-383.09 -20.7976 24.5724  1 692
-365.103 -18.8602 27.6108  1 693
-361.825 -14.8009 33.189  1 694
-370.053 -6.93663 22.3389  1 695
-371.81 -11.0069 30.0329  1 696
-370.05 -6.38422 37.2386  1 697
-372.289 -25.9683 19.4269  1 698
-376.321 -24.6645 21.5756  1 699
-391.22 0.789526 40.6498  1 700
-361.446 -16.3837 31.4773  1 701
-395.472 -22.4387 52.0744  1 702
-367.089 -7.90437 27.792  1 703
-387.956 2.13933 23.9869  1 704
-388.665 -23.9405 17.0282  1 705
-389.937 7.8393 40.5395  1 706
-371.864 -8.53278 22.6621  1 707
-352.982 -4.0737 77.941  1 708
-384.248 -1.07176 44.3401  1 709
-376.401 -12.8303 24.9521  1 710
-405.513 -3.73826 12.6747  1 711
-365.536 -9.70315 31.6356  1 712
-388.354 4.14602 38.8282  1 713
-398.203 -0.564515 10.2943  1 714
-380.064 -11.8255 45.0095  1 715
-377.039 -6.62478 35.8231  1 716
-409.794 -1.9154 44.753  1 717
-372.501 -17.1687 21.7343  1 718
-391.215 -25.7673 25.5749  1 719
-390.497 -13.2272 22.6833  1 720
-393.365 -23.1753 59.8366  1 721
-378.322 -4.31835 21.8523  1 722
-386.521 -4.29908 27.4921  1 723
-406.087 5.01309 28.1313  1 724
-391.23 -19.2102 22.5953  1 725
-391.383 -1.31679 35.3409  1 726
-406.517 -6.39487 19.2476  1 727
-390.549 -19.5599 56.4168  1 728
-402.467 2.05901 21.153  1 729
-401.226 2.88202 27.341  1 730
-387.893 -21.1438 15.645  1 731
-385.668 -17.7973 13.1884  1 732
-388.26 -11.4813 25.5604  1 733
-413.291 -7.07143 49.4235  1 734
-404.237 -20.0684 64.4093  1 735
-410.191 -23.3541 39.2447  1 736
-387.717 -5.46965 20.9677  1 737
-392.003 -8.0301 54.5062  1 738
-383.865 -16.3594 16.1697  1 739
-407.682 -14.2983 52.3072  1 740
-392.173 8.50016 57.012  1 741
-403.218 -3.08276 42.8016  1 742
-384.449 0.109339 35.5761  1 743
-384.249 -12.9594 21.6223  1 744
-398.45 -3.65471 55.9782  1 745
-396.415 -22.2532 34.777  1 746
-401.725 -20.0603 24.4523  1 747
-403.545 -5.12246 31.0322  1 748
-400.076 10.4976 66.3475  1 749
-393.925 -4.26157 35.8566  1 750
-408.47 -25.9129 37.9235  1 751
-393.976 -13.2693 39.777  1 752
-402.964 -15.5335 25.6404  1 753
-403.629 -1.61467 32.3074  1 754
-381.913 -6.48357 28.4223  1 755
-401.305 -4.91589 16.1806  1 756
-386.929 -21.6903 69.6791  1 757
-424.79 -4.15874 34.1317  1 758
-406.114 -12.2678 38.4489  1 759
-395.697 -13.5103 29.1838  1 760
-400.522 -11.7164 27.6004  1 761
-407.941 0.219228 59.4881  1 762
-390.615 -6.04936 33.5112  1 763
-393.056 0.392296 34.1944  1 764
-391.283 -6.62493 25.2338  1 765
-407.58 -12.8339 45.0355  1 766
-419.699 2.39967 25.3603  1 767
-408.245 -19.2635 15.788  1 768
-408.69 0.363357 26.7532  1 769
-409.849 -24.1661 47.1535  1 770
-397.938 -22.3081 18.934  1 771
-397.59 -1.34286 41.3918  1 772
-395.581 -7.99389 28.2308  1 773
-403.328 -8.62297 36.2098  1 774
-408.53 -14.1382 39.4153  1 775
-412.252 -1.45661 32.5195  1 776
-404.178 6.82244 38.4507  1 777
-402.519 -8.17709 36.5877  1 778
-409.33 -24.3705 51.0276  1 779
-399.881 -4.67611 30.5046  1 780
-389.288 -24.2181 57.1955  1 781
-379.34 -3.94467 73.1523  1 782
-407.682 -20.7879 28.1822  1 783
-396.017 -18.9641 48.2984  1 784
-415.961 -20.1 30.9186  1 785
-414.23 -4.4717 47.3086  1 786
-410.809 6.56101 51.6629  1 787
-409.511 -28.5464 47.3556  1 788
-408.866 -13.4094 56.2971  1 789
-405.653 -12.6091 40.0625  1 790
-402.833 -14.7455 54.0251  1 791
-405.638 -9.76708 36.1356  1 792
-400.486 -2.22835 45.3953  1 793
-409.964 -2.7138 57.253  1 794
-400.886 -0.945085 46.8304  1 795
-398.225 -6.26924 47.8169  1 796
-400.751 1.56817 63.6622  1 797
-414.554 -7.42662 41.9544  1 798
-387.788 -13.9873 79.1151  1 799
-420.086 -5.3699 56.1799  1 800
-391.982 6.1177 72.8354  1 801
-401.475 -9.5124 46.1574  1 802
-403.228 -26.1523 60.9739  1 803
-420.266 -29.4836 55.6233  1 804
-384.363 -17.5598 70.8479  1 805
-407.356 -17.3284 51.247  1 806
-392.106 -0.592801 63.1568  1 807
-399.69 -5.74607 58.3162  1 808
-410.712 -28.359 67.8057  1 809
-390.651 -3.22142 68.7056  1 810
-392.978 -16.0833 53.9944  1 811
-386.288 -12.4431 64.9812  1 812
-395.256 -16.9728 56.7979  1 813
-409.556 -21.1097 68.7203  1 814
-390.067 -12.5978 72.8898  1 815
-405.989 -11.7277 70.1189  1 816
-409.641 -16.0757 58.3844  1 817
-404.686 -11.9473 66.6116  1 818
-389.624 3.0047 66.6912  1 819
-402.007 -7.54391 69.3936  1 820
-386.729 -4.62712 71.5527  1 821
-396.517 -23.4758 73.4606  1 822
-395.628 -0.813843 64.6022  1 823
-408.661 -11.3318 70.1639  1 824
-396.805 -3.11584 83.3395  1 825
-417.639 -30.2471 101.005  1 826
-383.053 5.44985 69.3991  1 827
-388.412 -16.141 69.3895  1 828
-410.502 -2.24604 91.7604  1 829
-407.5 -19.6056 100.461  1 830
-396.778 -4.88357 78.9765  1 831
-398.405 4.31715 89.3084  1 832
-381.447 -16.4827 94.9202  1 833
-393.38 -4.55139 87.6061  1 834
-406.692 -4.6521 73.3021  1 835
-397.697 1.6098 83.6502  1 836
-414.609 -6.31486 86.198  1 837
-394.075 -19.0943 65.2035  1 838
-389.997 -11.2012 75.6251  1 839
-387.821 -8.55623 84.9301  1 840
-389.861 -13.051 94.6691  1 841
-412.506 -3.87012 80.0623  1 842
-402.984 -12.7609 73.1703  1 843
-395.148 3.73164 110.859  1 844
-387.009 4.12833 72.2742  1 845
-400.692 -13.6073 91.0216  1 846
-385.307 -17.8058 73.3297  1 847
-394.622 -8.83348 107.252  1 848
-403.095 -2.26364 106.263  1 849
-411.667 -27.3349 99.8052  1 850
-415.899 -26.1359 75.2485  1 851
-402.883 -3.8733 80.0722  1 852
-421.221 -20.9806 109.646  1 853
-409.674 -4.61033 91.4738  1 854
-396.991 -7.57786 67.1138  1 855
-385.856 -14.4718 96.3388  1 856
-410.038 -25.4081 106.54  1 857
-411.399 -15.1161 95.0899  1 858
-417.864 -5.13551 97.3967  1 859
-416.896 1.83028 85.1486  1 860
-405.912 -17.814 102.212  1 861
-412.125 -15.7646 102.906  1 862
-360.832 -2.08547 92.5397  1 863
-376.312 9.44022 101.261  1 864
-386.691 -15.8276 76.9516  1 865
-406.08 -12.9821 95.0511  1 866
-398.208 -18.9728 81.9911  1 867
-406.395 -6.79007 83.8279  1 868
-415.53 4.70557 93.935  1 869
-383.698 1.57233 107.148  1 870
-384.107 -5.87152 103.571  1 871
-400.711 -21.545 89.0937  1 872
-385.594 -10.4 101.975  1 873
-381.815 -2.41268 86.0957  1 874
-404.915 -14.3186 105.574  1 875
-403.415 0.616101 123.813  1 876
-374.231 -16.4872 96.7809  1 877
-404.674 8.60437 119.995  1 878
-395.307 23.1846 115.063  1 879
-385.873 -4.5608 94.819  1 880
-409.156 6.0286 103.087  1 881
-396.211 8.98648 119.344  1 882
-397.204 -3.00987 96.7325  1 883
-419.206 13.4678 112.306  1 884
-388.486 -26.9803 101.163  1 885
-392.877 -0.445231 103.738  1 886
-384.48 -7.74268 106.186  1 887
-380.277 -6.0901 107.478  1 888
-382.872 21.1252 110.279  1 889
-352.408 -26.3324 85.4796  1 890
-398.808 2.90168 111.958  1 891
-400.822 6.51163 100.107  1 892
-406.473 -11.6326 108.196  1 893
-396.255 -18.7188 117.311  1 894
-393.718 2.2657 110.012  1 895
-387.975 -11.0092 90.653  1 896
-370.454 -8.22012 94.7127  1 897
-370.474 5.81305 99.495  1 898
-397.357 -20.1403 101.714  1 899
-388.644 -7.95411 96.0005  1 900
-408.858 -5.41405 110.753  1 901
-392.24 -4.75556 93.8019  1 902
-393.87 -11.5978 110.071  1 903
-398.535 -9.27092 96.8153  1 904
-388.146 -4.94157 107.48  1 905
-381.002 -11.4163 105.574  1 906
-373.354 -19.9327 102.013  1 907
-393.772 -3.56012 101.927  1 908
-395.404 -13.4481 114.475  1 909
-388.946 -8.57923 97.4951  1 910
-386.264 0.864232 112.115  1 911
-390.518 -20.938 110.608  1 912
-385.543 -13.0678 100.925  1 913
-381.309 -5.31568 120.769  1 914
-349.99 7.49267 114.591  1 915
-391.406 -2.86106 120.388  1 916
-381.596 0.889384 107.978  1 917
-379.186 -4.48623 101.231  1 918
-373.955 1.13128 119.443  1 919
-364.798 3.23477 127.595  1 920
-388.597 -7.26077 104.108  1 921
-395.951 -7.66151 109.268  1 922
-377.963 1.08089 101.429  1 923
-355.495 -20.1506 82.9571  1 924
-317.741 -10.6431 84.2906  1 925
-365.245 -12.0896 90.2085  1 926
-384.748 -2.50156 101.365  1 927
-372.857 -28.8479 115.685  1 928
-370.356 7.04653 99.2862  1 929
-374.811 -7.35517 112.321  1 930
-363.611 -19.6998 110.518  1 931
-383.296 -6.95137 115.135  1 932
-380.156 -13.4234 108.088  1 933
-374.073 -17.0237 108.955  1 934
-374.617 1.83193 107.669  1 935
-376.817 -5.72738 108.967  1 936
-377.238 -18.9186 107.141  1 937
-370.167 -14.1055 93.1888  1 938
-363.454 7.12388 121.376  1 939
-377.181 -16.0239 124.793  1 940
-372.019 -14.4641 109.114  1 941
-368.06 -4.63492 106.951  1 942
-381.593 -16.3654 111.952  1 943
-370.041 -20.5768 119.836  1 944
-372.656 -4.49108 112.833  1 945
-359.893 -11.3334 106.065  1 946
-380.052 0.343863 123.967  1 947
-376.254 -16.7492 108.808  1 948
-359.09 -12.8505 97.1132  1 949
-369.016 8.24242 116.554  1 950
-370.702 -0.020995 112.819  1 951
-362.109 0.573472 96.5811  1 952
-374.592 -19.8955 115.551  1 953
-358.363 -8.54263 100.878  1 954
-359.378 -20.0592 106.287  1 955
-358.755 -25.8622 100.808  1 956
-352.97 -23.2556 88.5749  1 957
-369.591 -11.352 97.7859  1 958
-358.038 -21.2234 99.5757  1 959
-367.587 -3.00814 100.298  1 960
-355.712 -2.79938 113.568  1 961
-359.905 -14.8111 90.0322  1 962
-343.021 -14.4717 111.322  1 963
-348.354 -25.9745 109.407  1 964
-353.125 15.8046 100.361  1 965
-358.682 -6.04993 115.83  1 966
-366.86 -16.6059 99.6646  1 967
-360.173 0.42272 85.632  1 968
-369.392 -1.08363 97.1029  1 969
-343.357 23.2434 127.876  1 970
-350.337 0.991959 98.723  1 971
-343.49 -15.3174 82.6822  1 972
-361.662 -20.3021 97.7447  1 973
-361.239 -18.8985 96.1806  1 974
-347.137 -21.8449 118.757  1 975
-350.467 -21.9472 113.515  1 976
-361.33 -17.1579 92.1327  1 977
-347.576 -25.055 105.35  1 978
-354.272 6.84731 101.483  1 979
-321.822 9.18342 109.587  1 980
-354.748 12.2605 80.7607  1 981
-361.462 -1.44344 96.1008  1 982
-351.511 -15.8659 106.515  1 983
-338.83 -23.9677 83.6579  1 984
-344.309 -22.3912 92.0391  1 985
-342.099 -14.6503 89.8084  1 986
-349.632 -23.8211 104.888  1 987
-353.954 3.47799 108.566  1 988
-360.223 -3.35473 104.468  1 989
-326.984 0.0622109 83.0489  1 990
-335.437 16.1573 102.226  1 991
-354.306 3.18022 94.5826  1 992
-358.315 -11.9866 110.498  1 993
-334.043 -23.3328 116.299  1 994
-329.948 -22.0726 95.424  1 995
-343.924 -23.3671 94.9957  1 996
-343.598 -9.92535 106.052  1 997
-338.658 -1.81127 70.1869  1 998
-347.274 -6.44835 104.87  1 999
-328.78 -10.9697 99.1879  1 1000
-326.002 -11.9204 95.2631  1 1001
-347.659 -0.582791 110.246  1 1002
-334.929 0.758765 82.9505  1 1003
-323.973 -4.32761 83.2994  1 1004
-341.591 -9.41273 112.293  1 1005
-344.974 -9.7423 112.514  1 1006
-329.464 3.99698 89.4799  1 1007
-339.529 -14.9209 90.786  1 1008
-324.255 10.8429 113.443  1 1009
-331.349 0.40978 98.4827  1 1010
-339.892 -7.42472 89.8428  1 1011
-320.193 -4.51425 67.8907  1 1012
-335.864 -7.72066 97.0491  1 1013
-349.011 -6.32376 94.2496  1 1014
-333.075 -3.78441 112.321  1 1015
-335.048 -22.6952 96.2576  1 1016
-324.97 8.94802 95.5623  1 1017
-330.095 -24.4913 102.471  1 1018
-313.597 8.87582 100.752  1 1019
-325.658 -15.7357 95.7454  1 1020
-327.595 -11.739 105.732  1 1021
-339.259 -18.4625 100.611  1 1022
-344.328 -16.828 89.1419  1 1023
-341.875 5.77091 91.5825  1 1024
-323.227 -15.2855 99.9347  1 1025
-330.472 -19.8416 105.764  1 1026
-336.62 -13.6934 97.5133  1 1027
-325.291 -10.7718 122.114  1 1028
-330.61 -4.13609 96.0164  1 1029
-331.97 -5.12392 110.427  1 1030
-325.012 -12.3181 118.779  1 1031
-332.143 -22.6761 89.8744  1 1032
-315.71 18.1098 78.0552  1 1033
-320.972 -12.1214 113.574  1 1034
-337.466 -5.58185 95.8343  1 1035
-315.927 18.834 108.019  1 1036
-329.695 -9.47072 105.261  1 1037
-321.635 -15.8717 112.448  1 1038
-334.24 -14.0562 106.014  1 1039
-325.155 0.217232 111.852  1 1040
-318.492 -5.68545 78.893  1 1041
-310.78 -14.4394 100.488  1 1042
-318.31 -16.557 90.9434  1 1043
-321.114 -26.9576 108.74  1 1044
-334.675 -4.5373 101.734  1 1045
-307.252 -20.4038 96.5219  1 1046
-312.357 4.12685 84.8248  1 1047
-326.626 -16.4263 104.732  1 1048
-318.15 10.2148 93.2676  1 1049
-331.073 -9.6641 97.9133  1 1050
-313.888 -0.354075 97.672  1 1051
-321.614 4.54998 107.78  1 1052
-306.2 -6.34707 108.163  1 1053
-321.365 8.08609 88.9868  1 1054
-299.627 4.26029 96.015  1 1055
-325.935 -12.4156 103.79  1 1056
-314.489 -2.77512 99.0475  1 1057
-325.201 -3.96337 100.55  1 1058
-323.681 -18.491 105.658  1 1059
-316.786 -22.4331 95.4137  1 1060
-306.67 -22.2842 101.508  1 1061
-306.853 -17.7295 96.2109  1 1062
-314.849 7.5057 91.1065  1 1063
-315.703 -5.02824 85.5275  1 1064
-301.563 -9.62484 100.256  1 1065
-328.845 -3.42343 92.7858  1 1066
-320.787 -12.0232 96.8922  1 1067
-294.099 -14.1745 84.0799  1 1068
-314.417 10.5534 91.5121  1 1069
-313.087 -1.16438 101.403  1 1070
-312.458 1.40071 95.6359  1 1071
-318.461 -3.08392 106.046  1 1072
-317.524 -21.7457 94.8033  1 1073
-305.64 -15.6994 115.983  1 1074
-325.363 -6.1761 98.9473  1 1075
-285.236 -5.29431 106.746  1 1076
-308.589 -19.1461 114.24  1 1077
-313.369 -7.71656 97.5761  1 1078
-315.734 -13.1816 112.171  1 1079
-318.894 -11.9649 109.405  1 1080
-314.05 -0.13319 102.15  1 1081
-293.315 -21.4525 109.148  1 1082
-300.855 -23.1226 117.272  1 1083
-288.56 12.4534 88.1462  1 1084
-316.681 -5.288 104.079  1 1085
-296.508 -18.6188 89.1498  1 1086
-297.603 -17.8866 110.844  1 1087
-297.498 -0.44269 100.424  1 1088
-308.699 -17.4081 98.2555  1 1089
-295.587 -21.989 84.0495  1 1090
-304.906 -28.9493 88.8159  1 1091
-306.24 -19.2786 89.9733  1 1092
-298.933 -16.3698 107.99  1 1093
-300.088 2.97316 95.8642  1 1094
-282.399 -26.1297 87.0434  1 1095
-305.608 -16.77 82.5589  1 1096
-285.567 6.31346 105.669  1 1097
-299.224 -20.5479 107.465  1 1098
-276.579 -26.4487 102.324  1 1099
-294.7 -28.7155 95.4995  1 1100
-296.045 -10.0978 82.5452  1 1101
-299.086 -17.8715 103.264  1 1102
-285.724 7.49455 107.835  1 1103
-296.538 -28.8292 112.887  1 1104
-282.329 -8.90976 117.04  1 1105
-301.514 -16.0686 98.3729  1 1106
-309.301 -11.9866 93.4999  1 1107
-305.559 -10.3892 103.776  1 1108
-279.188 -30.5927 94.539  1 1109
-293.814 -19.7771 81.5521  1 1110
-282.808 10.8355 110.36  1 1111
-294.026 8.10867 99.9239  1 1112
-303.056 -3.54348 100.608  1 1113
-292.097 -23.7357 111.634  1 1114
-287.048 -2.72089 101.273  1 1115
-285.786 -1.49936 97.0892  1 1116
-297.18 -19.5386 113.503  1 1117
-289.359 -1.82711 88.7929  1 1118
-294.483 -1.27083 108.223  1 1119
-297.044 -6.24895 87.9994  1 1120
-290.585 -22.4408 112.267  1 1121
-290.558 5.96661 80.2999  1 1122
-278.277 9.0397 79.639  1 1123
-293.866 3.32244 111.079  1 1124
-268.086 -7.711 99.8772  1 1125
-267.843 -6.60196 100.703  1 1126
-306.611 -9.84627 97.52  1 1127
-275.019 -15.1009 90.4043  1 1128
-291.286 -6.82826 103.594  1 1129
-263.978 -25.6357 117.304  1 1130
-303.368 -8.58948 100.802  1 1131
-268.308 -16.6728 77.1119  1 1132
-268.933 -24.3509 80.908  1 1133
-270.903 -2.84685 92.9491  1 1134
-278.55 -26.8678 113.93  1 1135
-276.18 -5.62312 74.3841  1 1136
-291.791 0.490594 104.948  1 1137
-286.639 -7.79453 90.2172  1 1138
-284.062 -7.80159 86.0264  1 1139
-278.256 -2.39227 91.7193  1 1140
-266.499 0.165243 111.222  1 1141
-287.692 2.59097 99.3878  1 1142
-267.913 -12.9088 114.775  1 1143
-265.945 9.48859 110.828  1 1144
-241.275 10.9173 92.9626  1 1145
-280.366 -5.55913 106.148  1 1146
-275.801 -7.04384 101.652  1 1147
-288.86 -14.8211 92.5502  1 1148
-276.877 -5.42388 88.8567  1 1149
-238.833 -28.1965 107.575  1 1150
-268.517 -22.7847 88.4495  1 1151
-279.464 -15.8753 80.8778  1 1152
-275.616 -20.1241 106.194  1 1153
-280.495 6.41799 78.3368  1 1154
-232.853 -7.42363 88.8234  1 1155
-280.286 -0.371091 80.1905  1 1156
-273.602 9.12011 89.596  1 1157
-264.894 -34.5045 93.9133  1 1158
-285.478 -5.29213 89.2171  1 1159
-271.698 -5.53786 83.5698  1 1160
-250.522 -4.33913 88.0264  1 1161
-283.356 -9.87398 97.9688  1 1162
-275.894 4.65921 103.949  1 1163
-264.377 -24.1496 96.1339  1 1164
-238.847 2.05896 91.8961  1 1165
-276.552 -18.1892 97.516  1 1166
-279.734 -15.8249 102.725  1 1167
-270.628 -5.1142 106.226  1 1168
-265.734 -15.3636 73.4247  1 1169
-222.714 -38.0068 111.105  1 1170
-258.097 4.3488 113.664  1 1171
-266.225 -6.86023 109.767  1 1172
-283.857 -12.7502 98.9548  1 1173
-260.553 -4.96895 86.0255  1 1174
-254.554 -1.37255 112.131  1 1175
-273.333 -2.20548 87.6625  1 1176
-238.428 0.828743 115.435  1 1177
-272.056 -17.6285 88.7608  1 1178
-262.276 -23.1509 113.016  1 1179
-258.963 3.17223 82.716  1 1180
-248.49 8.26708 93.7666  1 1181
-268.908 1.13161 97.8589  1 1182
-254.147 0.28654 86.8182  1 1183
-226.234 -6.23285 98.8802  1 1184
-255.566 -5.04716 101.837  1 1185
-266.47 5.89127 92.5613  1 1186
-239.649 6.44795 109.598  1 1187
-244.363 -0.740857 114.604  1 1188
-230.467 -19.773 83.6868  1 1189
-238.378 -18.8201 88.8607  1 1190
-257.815 -5.09667 106.003  1 1191
-236.202 -15.8449 85.5428  1 1192
-259.071 -5.65075 86.0645  1 1193
-238.6 -7.43052 72.9119  1 1194
-226.801 -15.6654 95.6841  1 1195
-221.067 3.24452 61.8825  1 1196
-216.384 -17.4167 101.607  1 1197
-216.428 -18.6931 92.6551  1 1198
-256.827 -12.8287 104.416  1 1199
-239.397 -13.2494 80.3602  1 1200
-241.286 -8.07953 74.0437  1 1201
-235.473 -12.2667 75.674  1 1202
-213.036 -49.4046 111.01  1 1203
-240.143 -20.4457 68.5917  1 1204
-257.257 -17.6392 81.6753  1 1205
-260.834 -5.84511 78.2839  1 1206
-248.441 5.83574 103.475  1 1207
-257.878 -9.91636 103.043  1 1208
-255.253 -20.5807 91.4639  1 1209
-256.99 -5.20441 78.7992  1 1210
-254.44 -13.5179 85.8022  1 1211
-258.103 9.06203 92.1171  1 1212
-242.004 -34.0251 82.1409  1 1213
-239.076 5.16408 81.6096  1 1214
-262.625 -20.5403 99.3586  1 1215
-267.97 -8.63279 92.4278  1 1216
-253.917 -2.92378 90.9822  1 1217
-260.081 -1.68572 100.95  1 1218
-245.851 -4.79172 105.829  1 1219
-245.23 -21.6647 88.7581  1 1220
-254.508 -15.2862 84.3807  1 1221
-247.858 6.25905 99.6043  1 1222
-240.732 5.99365 84.1647  1 1223
-248.054 -15.7005 100.834  1 1224
-226.478 -14.4152 113.413  1 1225
-247.091 -8.05094 95.97  1 1226
-204.901 -22.2099 87.9448  1 1227
-226.081 -0.484904 105.364  1 1228
-226.844 2.11333 80.7665  1 1229
-217.2 -18.5518 88.8552  1 1230
-213.382 2.75305 117.96  1 1231
-214.598 -11.5599 115.265  1 1232
-234.979 -25.517 98.9299  1 1233
-242.303 7.09084 69.8832  1 1234
-227.032 -3.53075 96.6294  1 1235
-214.309 -8.76696 87.706  1 1236
-213.154 12.8775 91.4897  1 1237
-238.091 -13.9781 82.0488  1 1238
-232.295 -20.626 98.8348  1 1239
-247.805 -0.185623 85.1147  1 1240
-224.678 -29.0121 108.452  1 1241
-209.141 -13.2736 111.09  1 1242
-236.978 -3.55591 95.6274  1 1243
-245.061 4.92419 96.8188  1 1244
-229.063 -22.3393 80.0485  1 1245
-217.375 -8.66889 115.478  1 1246
-232.419 -5.84069 101.722  1 1247
-238.691 -0.577282 94.9286  1 1248
-232.389 6.90237 101.681  1 1249
-238.838 -13.7498 97.6119  1 1250
-211.94 -9.28263 86.9539  1 1251
-216.047 -24.648 91.5517  1 1252
-223.263 -18.9331 85.8294  1 1253
-231.014 10.1988 88.4159  1 1254
-221.748 -17.9124 88.5578  1 1255
-228.855 -22.9243 87.9834  1 1256
-205.886 -16.6008 69.1093  1 1257
-197.187 -13.4262 80.5836  1 1258
-214.161 -2.78323 97.9532  1 1259
-227.796 -4.85432 80.8082  1 1260
-185.062 -1.51884 74.2651  1 1261
-217.195 -7.87028 101.92  1 1262
-224.166 11.6099 73.3491  1 1263
-225.078 4.067 86.1345  1 1264
-231.169 -5.19277 94.4969  1 1265
-214.785 6.16659 101.004  1 1266
-233.014 -12.6077 89.3986  1 1267
-230.492 -0.928978 82.5303  1 1268
-199.395 -9.32008 113.384  1 1269
-204.815 -10.9878 85.0242  1 1270
-212.575 11.8771 72.1306  1 1271
-222.506 -20.1806 74.6984  1 1272
-217.047 -4.25619 58.8838  1 1273
-205.264 0.554087 103.214  1 1274
-207.311 -6.08178 71.827  1 1275
-228.435 -12.8634 76.8835  1 1276
-211.463 2.37509 117.418  1 1277
-194.084 -29.9647 77.401  1 1278
-227.282 -2.93163 80.4064  1 1279
-201.824 -19.8803 109.724  1 1280
-217.559 -5.82876 62.5723  1 1281
-212.217 7.15214 106.575  1 1282
-203.638 13.2341 78.189  1 1283
-229.15 -13.6121 80.0943  1 1284
-187.355 16.3077 101.573  1 1285
-210.202 1.0499 96.7738  1 1286
-221.107 -2.71543 76.73  1 1287
-225.803 -15.5428 78.2173  1 1288
-216.62 -2.21933 102.171  1 1289
-227.189 -11.0808 84.7247  1 1290
-214.18 -4.81198 85.8968  1 1291
-215.417 -7.56852 88.6311  1 1292
-225.299 -10.7827 79.9055  1 1293
-195.1 3.75355 63.4787  1 1294
-194.427 -11.9582 98.0229  1 1295
-214.772 -10.0132 79.6534  1 1296
-203.374 -19.375 83.5992  1 1297
-190.205 4.92167 87.2381  1 1298
-203.793 -9.705 80.909  1 1299
-220.846 -3.67049 74.6768  1 1300
-219.625 -16.5115 69.4012  1 1301
-222.695 -12.9615 84.7211  1 1302
-197.426 -21.3516 100.557  1 1303
-212.217 -3.92981 99.5701  1 1304
-219.021 -5.60856 84.662  1 1305
-206.164 1.02211 69.4585  1 1306
-210.567 -12.9447 102.804  1 1307
-203.545 -25.1537 82.8573  1 1308
-184.209 -31.7444 98.5037  1 1309
-202.716 -9.63777 83.4522  1 1310
-211.847 -5.50616 106.565  1 1311
-208.294 6.17117 72.1314  1 1312
-201.915 -26.4177 83.8758  1 1313
-201.402 -12.2125 98.7955  1 1314
-218.135 1.66282 73.1296  1 1315
-199.586 9.03977 69.9727  1 1316
-208.926 -16.9687 73.3345  1 1317
-203.352 -10.3455 81.0553  1 1318
-208.489 -7.73283 73.3983  1 1319
-203.521 -17.3596 88.3061  1 1320
-202.698 18.3714 78.8983  1 1321
-207.6 12.5158 105.155  1 1322
-210.322 -17.4995 86.0386  1 1323
-186.244 15.5161 84.4839  1 1324
-199.494 -11.8515 83.0851  1 1325
-206.469 -22.3246 79.7434  1 1326
-209.939 5.04583 108.306  1 1327
-211.356 0.16687 59.6433  1 1328
-207.75 -5.69005 90.4723  1 1329
-199.384 12.1783 74.8987  1 1330
-200.044 -19.0123 62.1631  1 1331
-198.999 2.08687 101.735  1 1332
-205.444 -15.2724 81.7366  1 1333
-195.636 2.36998 106.339  1 1334
-198.773 -3.9333 97.9463  1 1335
-197.457 -2.44583 96.646  1 1336
-174.477 -4.99723 76.9981  1 1337
-194.778 17.2372 95.3712  1 1338
-204.333 -10.5069 85.8033  1 1339
-195.95 -10.8144 89.0669  1 1340
-206.794 -6.74796 81.9348  1 1341
-190.414 -2.72729 92.0291  1 1342
-203.927 -17.9698 95.7863  1 1343
-196.44 -3.21989 81.6263  1 1344
-192.885 9.08556 70.1638  1 1345
-193.044 8.67743 96.0277  1 1346
-204.025 -8.38957 107.654  1 1347
-194.873 -25.2495 104.303  1 1348
-200.552 -7.22895 100.837  1 1349
-91.7965 -12.5208 98.3128  1 1350
-205.566 4.8375 94.3652  1 1351
-188.219 3.49079 112.079  1 1352
-200.508 12.5776 116.637  1 1353
-205.79 1.11984 120.139  1 1354
-209.298 9.18342 103.734  1 1355
-212.099 -0.141345 116.307  1 1356
-184.069 -29.4636 107.59  1 1357
-209.658 -1.82231 114.468  1 1358
-204.385 2.03512 105.58  1 1359
-193.871 -7.39681 109.294  1 1360
-209.305 20.0875 116.626  1 1361
-205.068 16.7405 113.293  1 1362
-210.726 14.9327 121.13  1 1363
-192.856 -12.0022 106.157  1 1364
-192.166 -26.7413 120.903  1 1365
-211.128 4.37418 125.321  1 1366
-177.856 5.06298 133.754  1 1367
-208.932 1.61856 100.839  1 1368
-192.418 -0.561514 113.248  1 1369
-191.979 -13.8772 108.191  1 1370
-218.486 8.61245 115.363  1 1371
-210.416 -11.2224 107.581  1 1372
-203.195 -4.62581 107.865  1 1373
-213.781 -20.0149 114.926  1 1374
-208.172 -2.12336 110.44  1 1375
-200.27 -12.5979 99.7169  1 1376
-186 -12.0447 114.578  1 1377
-210.464 -19.4789 116.014  1 1378
-187.533 2.21131 128.108  1 1379
-203.284 8.80121 118.741  1 1380
-207.284 -2.49429 112.243  1 1381
-209.081 -20.0207 146.505  1 1382
-212.025 -2.52232 114.159  1 1383
-205.177 -7.27921 153.879  1 1384
-211.842 10.3241 140.238  1 1385
-207.958 0.311503 108.594  1 1386
-209.311 -1.65299 112.502  1 1387
-178.695 -23.1469 123.724  1 1388
-192.04 5.44896 134.482  1 1389
-181.786 1.65669 133.147  1 1390
-198.225 -12.0066 118.243  1 1391
-212.738 -16.9441 158.777  1 1392
-206.357 6.00424 121.445  1 1393
-190.954 -23.7664 134.754  1 1394
-197.465 -21.5134 138.778  1 1395
-191.906 1.32205 110.524  1 1396
-187.492 -1.77296 116.294  1 1397
-187.262 3.2257 112.983  1 1398
-192.342 -10.0169 110.136  1 1399
-188.815 -6.73277 119.269  1 1400
-201.855 9.80903 133.755  1 1401
-202.257 3.81588 116.001  1 1402
-193.479 10.1698 129.222  1 1403
-183.006 -12.4628 118.848  1 1404
-216.976 5.25407 138.133  1 1405
-178.456 -9.38139 118.336  1 1406
-211.492 -2.37041 119.18  1 1407
-206.682 0.044192 134.604  1 1408
-196.997 -9.43527 136.362  1 1409
-196.269 2.58009 119.669  1 1410
-198.134 -7.86742 122.964  1 1411
-202.205 -10.4516 143.633  1 1412
-202.129 -8.77478 116.203  1 1413
-193.929 -18.3799 131.297  1 1414
-179.528 5.81116 146.608  1 1415
-213.508 -9.6572 144.938  1 1416
-198.935 -26.4749 144.44  1 1417
-207.132 -4.59446 140.323  1 1418
-192.994 -13.9386 139.262  1 1419
-202.613 -9.55229 121.055  1 1420
-189.575 -17.7637 127.897  1 1421
-201.781 3.83059 137.818  1 1422
-203.036 0.596009 125.934  1 1423
-188.168 7.75003 159.609  1 1424
-173.041 -13.7411 131.928  1 1425
-187.043 -5.18299 123.568  1 1426
-176.48 -6.39219 139.594  1 1427
-196.458 -8.67526 143.624  1 1428
-196.374 -22.9292 150.128  1 1429
-189.618 4.27019 140.201  1 1430
-204.548 -20.9655 150.418  1 1431
-204.378 1.11008 134.578  1 1432
-207.083 13.144 155.815  1 1433
-192.299 -20.8308 143.69  1 1434
-186.265 -18.3356 140.606  1 1435
-196.059 2.4654 166.074  1 1436
-200.43 -5.93873 125.426  1 1437
-196.515 0.60706 141.43  1 1438
-189.369 -13.2853 134.708  1 1439
-198.239 -3.46281 121.276  1 1440
-189.925 -10.9376 135.316  1 1441
-187.847 8.1902 151.92  1 1442
-209.686 -9.8947 153.537  1 1443
-200.818 8.51499 148.226  1 1444
-217.332 -17.92 144.867  1 1445
-210.389 -7.05259 145.612  1 1446
-193.959 -10.9997 139.421  1 1447
-204.759 13.8323 148.454  1 1448
-180.877 5.47101 134.299  1 1449
-229.553 -10.6908 138.805  1 1450
-184.683 -15.5873 150.471  1 1451
-179.623 -6.52659 145.549  1 1452
-197.629 -12.3744 154.021  1 1453
-171.762 21.3769 143.749  1 1454
-222.925 -33.7705 158.288  1 1455
-185.204 1.41454 148.193  1 1456
-177.222 25.0846 150.546  1 1457
-180.733 3.59891 148.766  1 1458
-206.387 -6.82389 146.754  1 1459
-233.23 14.0624 145.567  1 1460
-203.846 4.53179 164.791  1 1461
-198.453 -26.812 158.505  1 1462
-190.989 14.243 149.662  1 1463
-190.098 -8.79015 128.83  1 1464
-180.935 5.99949 141.146  1 1465
-184.808 -19.3226 148.71  1 1466
-201.413 -16.4695 151.526  1 1467
-182.345 2.59422 142.119  1 1468
-178.059 -9.01093 146.2  1 1469
-185.71 -11.2059 148.016  1 1470
-212.036 -9.0966 148.924  1 1471
-197.097 5.52935 147.323  1 1472
-185.871 14.0946 156.069  1 1473
-202.785 26.7263 169.028  1 1474
-204.088 -10.6042 157.504  1 1475
-200.566 10.9113 153.485  1 1476
-215.849 -3.39784 165.965  1 1477
-196.027 -12.8371 145.3  1 1478
-188.58 -7.41173 158.094  1 1479
-203.783 -17.3363 152.931  1 1480
-194.863 -2.35679 150.53  1 1481
-198.569 8.47241 154.388  1 1482
-189.025 -0.937227 156.616  1 1483
-183.118 10.481 152.703  1 1484
-197.868 -4.39304 148.114  1 1485
-196.618 -11.4653 141.366  1 1486
-200.069 -18.7383 149.359  1 1487
-190.222 -13.9914 146.191  1 1488
-233.284 -14.2975 139.59  1 1489
-216.61 2.95129 145.09  1 1490
-206.314 13.3908 159.862  1 1491
-192.574 -0.849915 171.16  1 1492
-207.698 -6.58554 161.94  1 1493
-214.904 5.01708 176.911  1 1494
-212.833 7.02922 150.636  1 1495
-208.169 9.832 161.379  1 1496
-248.042 -5.74138 151.894  1 1497
-205.524 -1.89421 166.509  1 1498
-219.171 -5.42442 146.015  1 1499
-213.457 -13.7134 149.926  1 1500
-217.365 -10.9964 149.171  1 1501
-194.107 9.62875 177.554  1 1502
-212.214 -9.20351 157.284  1 1503
-213.568 4.82614 153.377  1 1504
-196.239 -14.2429 155.286  1 1505
-222.608 0.826324 152.725  1 1506
-207.314 -3.50214 147.606  1 1507
-199.509 0.545676 153.477  1 1508
-200.667 -3.39127 164.679  1 1509
-226.195 -15.8625 147.206  1 1510
-202.397 -2.90879 160.838  1 1511
-223.353 12.4829 151.513  1 1512
-207.542 -9.91718 159.048  1 1513
-225.57 -8.78925 145.732  1 1514
-230.58 -14.8207 151.776  1 1515
-208.641 -23.9135 167.59  1 1516
-229.415 3.21175 153.881  1 1517
-230.447 -1.26177 146.348  1 1518
-223.536 9.68032 157.65  1 1519
-230.097 -14.5888 160.777  1 1520
-208.324 0.82375 153.504  1 1521
-200.432 -6.0369 151.177  1 1522
-216.583 2.2184 154.619  1 1523
-220.488 -15.7853 146.679  1 1524
-233.216 -1.56455 153.446  1 1525
-228.688 -8.952 144.805  1 1526
-231.82 -14.0712 171.975  1 1527
-219.084 -17.4242 143.157  1 1528
-226.898 -29.4509 184.963  1 1529
-223.375 -0.596748 150.554  1 1530
-220.298 2.81703 157.842  1 1531
-220.881 -21.0358 167.512  1 1532
-222.262 -1.83109 157.059  1 1533
-236.72 3.84098 145.627  1 1534
-235.907 -6.03415 142.751  1 1535
-249.774 -12.8181 157.675  1 1536
-233.546 6.42365 171.457  1 1537
-225.417 -16.283 145.642  1 1538
-221.754 -22.1772 174.157  1 1539
-234.44 -20.0352 153.101  1 1540
-220.944 -11.2306 172.172  1 1541
-225.748 -8.63035 156.122  1 1542
-225.578 2.46021 159.397  1 1543
-228.678 -10.2493 151.146  1 1544
-226.545 4.9022 157.777  1 1545
-235.675 -1.70243 142.572  1 1546
-222.02 -13.3881 160.145  1 1547
-223.976 -7.58007 151.236  1 1548
-247.197 -27.4758 179.437  1 1549
-237.51 -10.0417 149.534  1 1550
-247.221 -13.0612 147.133  1 1551
-222.914 -18.8438 161.56  1 1552
-241.154 -4.64546 145.493  1 1553
-263.196 -8.34635 148.209  1 1554
-229.1 -5.43137 167.448  1 1555
-231.64 -11.2327 151.508  1 1556
-239.329 -9.00491 145.837  1 1557
-254.877 -12.4137 163.902  1 1558
-252.364 -10.4494 167.793  1 1559
-250.063 -15.6998 174.643  1 1560
-253.631 1.16472 163.374  1 1561
-252.371 -18.3561 138.611  1 1562
-240.33 -3.52594 153.328  1 1563
-233.33 -13.5734 152.552  1 1564
-231.04 -10.8597 160.359  1 1565
-256.043 -10.7136 174.838  1 1566
-242.496 -15.6965 156.413  1 1567
-253.936 -12.1274 175.056  1 1568
-259.127 -4.32525 143.713  1 1569
-233.074 -9.08363 163.185  1 1570
-245.426 -25.96 144.166  1 1571
-235.242 -18.4455 175.354  1 1572
-247.247 -10.534 160.743  1 1573
-262.893 1.124 176  1 1574
-254.562 6.54811 146.873  1 1575
-247.16 1.33524 171.101  1 1576
-240.605 -4.73722 175.654  1 1577
-255.221 5.18317 160.353  1 1578
-273.064 -3.34314 169.131  1 1579
-272.644 4.41591 172.971  1 1580
-243.318 -16.8699 166.429  1 1581
-250.217 -12.9305 164.323  1 1582
-240.23 -2.93366 157.181  1 1583
-247.861 -7.34392 173.057  1 1584
-248.732 -18.306 165.27  1 1585
-235.608 -5.51237 155.773  1 1586
-255.196 -21.4582 174.715  1 1587
-241.657 -7.24447 173.445  1 1588
-248.631 -4.49231 173.268  1 1589
-238.231 -17.6218 165.228  1 1590
-253.394 -9.82549 159.174  1 1591
-257.119 -12.3881 161.832  1 1592
-268.322 -1.18666 169.087  1 1593
-249.977 8.39659 165.5  1 1594
-244.248 -7.35046 162.846  1 1595
-245.703 -16.4909 161.932  1 1596
-247.438 -1.18748 162.852  1 1597
-267.327 2.74624 148.779  1 1598
-249.877 -3.83801 167.419  1 1599
-278.709 -5.85082 167.096  1 1600
-249.299 -11.089 175.506  1 1601
-251.067 -3.20204 172.055  1 1602
-250.762 -20.399 160.529  1 1603
-250.803 -2.07061 163.651  1 1604
-274.348 -23.6724 169.771  1 1605
-258.962 -11.7847 183.085  1 1606
-258.851 -24.7885 167.937  1 1607
-268.285 3.80826 168.878  1 1608
-261.236 -13.7661 154.048  1 1609
-246.2 -13.6016 158.215  1 1610
-254.828 -7.87339 171.272  1 1611
-256.052 -21.8979 154.385  1 1612
-259.794 -22.5394 168.783  1 1613
-260.076 -12.2981 164.008  1 1614
-269.586 -8.19098 159.457  1 1615
-265.139 -6.38709 156.818  1 1616
-272.536 -15.93 177.987  1 1617
-260.059 -16.8601 184.742  1 1618
-257.752 -6.56285 174.778  1 1619
-270.919 -6.45026 166.218  1 1620
-251.908 -17.122 168.052  1 1621
-263.086 -15.7289 174.095  1 1622
-281.424 -13.9183 159.843  1 1623
-257.308 -11.9997 159.976  1 1624
-259.542 -10.0762 171.212  1 1625
-258.405 -12.561 174.847  1 1626
-262.461 -25.418 162.748  1 1627
-254.502 -7.24292 168.025  1 1628
-260.244 -18.3617 159.729  1 1629
-270.123 6.04369 186.016  1 1630
-257.09 0.843023 177.039  1 1631
-265.151 -14.335 157.404  1 1632
-256.618 -3.90333 169.515  1 1633
-275.482 -20.5659 190.39  1 1634
-279.296 -6.23945 172.154  1 1635
-261.366 -22.1734 162.182  1 1636
-260.242 -16.4123 170.208  1 1637
-266.6 -20.5679 162.679  1 1638
-269.136 -20.2366 189.467  1 1639
-275.455 -18.5045 171.209  1 1640
-269.382 -8.29706 163.45  1 1641
-273.179 -6.2236 183.165  1 1642
-291.577 5.88922 156.076  1 1643
-283.269 -1.00287 174.854  1 1644
-273.984 -4.52229 165.198  1 1645
-346.872 -33.2767 175.333  1 1646
-272.022 -13.4034 185.822  1 1647
-261.247 -14.6935 161.882  1 1648
-269.95 -1.94141 159.616  1 1649
-273.026 -24.005 166.283  1 1650
-276.783 -28.9347 187.861  1 1651
-281.045 -12.6869 154.94  1 1652
-283.618 -11.8617 159.494  1 1653
-279.523 -6.31264 163.62  1 1654
-279.511 -0.500578 160.4  1 1655
-270.022 -15.1718 169.625  1 1656
-284.039 2.3641 184.917  1 1657
-286.931 -5.55202 152.328  1 1658
-281.234 -14.0867 180.311  1 1659
-280.383 0.582639 157.627  1 1660
-272.201 -21.4893 177.53  1 1661
-281.364 3.9839 180.993  1 1662
-278.725 -10.6829 175.256  1 1663
-283.209 4.11115 182.303  1 1664
-279.493 -20.4034 174.71  1 1665
-295.655 -15.6381 172.684  1 1666
-273.021 -23.5399 169.8  1 1667
-290.971 -35.6575 171.69  1 1668
-280.721 -29.3551 176.37  1 1669
-283.615 -3.25104 178.531  1 1670
-276.905 -6.73396 171.997  1 1671
-284.577 -13.8735 170.416  1 1672
-278.851 -16.9586 173.402  1 1673
-292.007 -6.67387 163.145  1 1674
-282.688 -11.9871 164.128  1 1675
-287.31 -0.609982 169.12  1 1676
-292.663 -5.43448 162.156  1 1677
0.0617907 -2.99101 10.4939  1 1678
0.0446591 -4.18636 12.0086  1 1679
-0.0759933 -5.6111 12.4956  1 1680
0.10714 -6.23383 12.6184  1 1681
-1.08498 -10.7796 15.4563  1 1682
-2.68889 -11.6401 16.5629  1 1683
-5.34512 -12.9354 17.858  1 1684
-8.91224 -13.6636 18.2112  1 1685
-13.1552 -14.2939 18.0683  1 1686
-17.7879 -15.2149 17.7988  1 1687
-23.9632 -16.0755 17.4074  1 1688
-29.9153 -15.9963 16.9424  1 1689
-37.205 -14.7613 16.5923  1 1690
-43.6102 -13.6569 15.5383  1 1691
-50.6698 -12.7414 14.7136  1 1692
-55.8971 -11.6479 13.9134  1 1693
-62.4646 -10.5651 13.7512  1 1694
-68.6473 -9.66485 13.614  1 1695
-75.4775 -9.25767 13.2893  1 1696
-82.5062 -8.64223 13.8489  1 1697
-89.6678 -7.78668 14.0011  1 1698
-97.1956 -8.0485 14.0106  1 1699
-107.89 -7.70218 13.8546  1 1700
-117.382 -6.0955 15.1565  1 1701
-126.73 -6.26103 15.8615  1 1702
-135.024 -6.97295 16.2963  1 1703
-143.04 -6.98728 16.2198  1 1704
-151.538 -7.03942 16.0312  1 1705
-157.886 -7.36509 17.5897  1 1706
-163.787 -7.5923 17.9451  1 1707
-169.1 -7.5802 18.4777  1 1708
-175.547 -7.90407 19.1775  1 1709
-183.04 -8.50595 19.9551  1 1710
-187.247 -8.07561 20.4643  1 1711
-192.5 -8.31528 21.0153  1 1712
-194.976 -8.2766 21.3454  1 1713
-200.784 -8.71516 21.9495  1 1714
-206.287 -9.04661 22.1539  1 1715
-213.887 -9.28278 23.3115  1 1716
-220.515 -9.16768 23.8522  1 1717
-229.272 -9.68892 24.8537  1 1718
-236.359 -9.54498 25.3326  1 1719
-244.417 -9.29383 26.227  1 1720
-253.679 -9.59468 26.7251  1 1721
-263.236 -9.62965 28.3427  1 1722
-270.159 -9.175 28.8429  1 1723
-277.309 -9.70685 28.9174  1 1724
-286.276 -9.46882 29.298  1 1725
-295.723 -9.11778 29.8556  1 1726
-304.396 -9.65394 30.8095  1 1727
-311.905 -9.71687 30.4901  1 1728
-322.688 -9.06474 29.7753  1 1729
-330.624 -9.71607 29.4634  1 1730
-339.13 -9.48903 29.6624  1 1731
-347.55 -10.2311 30.0836  1 1732
-356.866 -9.31196 30.2648  1 1733
-363.557 -9.0906 30.3333  1 1734
-369.24 -9.24581 30.3452  1 1735
-374.289 -9.56899 30.4339  1 1736
-380.747 -8.87525 30.1486  1 1737
-386.436 -8.8691 29.8993  1 1738
-390.629 -9.10427 31.0112  1 1739
-393.792 -9.07245 32.4289  1 1740
-396.268 -9.30137 35.1359  1 1741
-397.595 -8.99282 37.8453  1 1742
-398.96 -8.82533 41.5143  1 1743
-399.625 -9.2994 46.8436  1 1744
-399.769 -9.11808 51.6552  1 1745
-400.004 -8.82593 56.9543  1 1746
-400.417 -8.92481 63.2331  1 1747
-399.916 -8.85236 70.1911  1 1748
-399.25 -8.78239 75.8007  1 1749
-398.957 -9.33586 82.2384  1 1750
-397.831 -8.59514 88.3824  1 1751
-396.682 -8.73954 92.7514  1 1752
-394.753 -8.86665 97.0337  1 1753
-392.277 -8.97312 99.3855  1 1754
-389.265 -9.01939 102.168  1 1755
-386.478 -8.66175 103.391  1 1756
-382.587 -8.91201 104.022  1 1757
-378.067 -8.72701 104.073  1 1758
-373.014 -8.8153 103.609  1 1759
-367.878 -8.76506 103.249  1 1760
-362.663 -8.47815 102.367  1 1761
-357.261 -8.39012 101.503  1 1762
-350.335 -8.08565 100.718  1 1763
-344.2 -7.71183 100.044  1 1764
-339.206 -7.67321 99.4404  1 1765
-334.54 -8.33785 99.0845  1 1766
-329.044 -8.06058 98.8848  1 1767
-323.926 -8.62821 98.9331  1 1768
-319.081 -8.74269 98.5547  1 1769
-314.094 -9.12015 98.6431  1 1770
-308.393 -9.84846 99.0247  1 1771
-303.323 -9.85228 98.983  1 1772
-298.13 -10.2657 98.6425  1 1773
-292.16 -10.6709 98.5166  1 1774
-287.07 -10.7446 98.1219  1 1775
-279.932 -11.2677 97.1765  1 1776
-276.053 -11.3206 96.849  1 1777
-269.479 -11.4293 95.9753  1 1778
-264.491 -11.0247 95.2031  1 1779
-258.541 -10.9994 94.1298  1 1780
-251.907 -10.8839 93.9248  1 1781
-244.743 -9.87052 92.9561  1 1782
-239.961 -8.90021 92.038  1 1783
-233.881 -8.86028 89.9225  1 1784
-229.602 -8.47996 88.1121  1 1785
-226.012 -8.32996 86.6222  1 1786
-222.668 -8.30369 85.3704  1 1787
-220.202 -7.81331 84.4762  1 1788
-217.488 -7.97753 84.0892  1 1789
-215.284 -7.64464 84.5891  1 1790
-213.013 -7.60843 85.4031  1 1791
-211.073 -7.19875 87.0689  1 1792
-208.845 -7.27147 89.9653  1 1793
-206.601 -6.89884 94.2171  1 1794
-205.379 -6.60791 98.7943  1 1795
-204.392 -6.18258 103.999  1 1796
-202.563 -6.15803 108.943  1 1797
-200.61 -5.19353 114.659  1 1798
-198.756 -5.30849 119.637  1 1799
-197.328 -5.00105 125.119  1 1800
-195.601 -5.03179 129.976  1 1801
-194.561 -5.0739 133.495  1 1802
-194.227 -5.03718 136.563  1 1803
-194.391 -4.89381 139.659  1 1804
-195.3 -4.86811 142.509  1 1805
-197.383 -5.1837 145.456  1 1806
-200.171 -5.45771 147.167  1 1807
-204.165 -5.8554 149.142  1 1808
-208.392 -6.00773 150.856  1 1809
-213.208 -6.54714 152.727  1 1810
-218.644 -6.824 154.637  1 1811
-224.284 -6.83776 156.347  1 1812
-230.886 -7.01293 158.442  1 1813
-237.105 -7.76749 159.899  1 1814
-242.582 -8.24491 161.174  1 1815
-247.282 -8.39896 162.606  1 1816
-251.32 -8.86894 163.947  1 1817
-255.33 -9.43667 165.1  1 1818
-259.235 -9.76934 166.329  1 1819
-263.875 -10.8143 168.14  1 1820
-267.775 -10.8423 169.008  1 1821
-272.876 -11.5684 170.324  1 1822
