3.19857 0.253847 0.989968 0
2.47849 -0.691455 0.98364 1
1.8487 -0.72732 0.736247 2
3.44596 0.0340499 0.610277 3
0.475455 -0.764554 2.48733 4
1.75243 -0.898193 2.75575 5
2.24313 0.45298 0.952072 6
2.4639 -0.847384 1.58339 7
2.70931 -0.164192 1.35117 8
1.92395 -0.212886 2.47387 9
2.56935 -1.44101 2.25442 10
2.07487 -0.497301 2.08515 11
1.8211 -0.263018 2.99436 12
2.01806 0.381215 2.72683 13
1.95242 0.0503387 2.96242 14
2.1704 -0.576472 2.54166 15
2.68308 0.116915 2.43728 16
2.88697 -0.313095 2.89438 17
2.99541 0.239538 1.99192 18
3.08881 -0.598354 2.9965 19
2.82281 0.909469 3.38085 20
2.74076 0.861879 4.01065 21
2.63435 -0.947783 4.04534 22
2.84465 0.25044 3.34999 23
3.28807 0.379373 4.99388 24
3.32788 0.283767 3.46071 25
5.28643 -0.587019 4.11704 26
3.85333 -0.163989 2.85531 27
4.03526 -1.13716 4.03909 28
3.75652 0.0901163 3.89303 29
3.8503 0.0489373 4.67416 30
4.9565 -0.0201221 3.75007 31
3.71493 0.300055 3.77855 32
4.34298 -0.0879735 5.84943 33
5.662 -0.375222 3.96359 34
5.32067 -0.567197 4.54891 35
4.20856 -0.479468 4.66998 36
5.24805 -0.132955 4.85341 37
5.47901 -0.00957426 4.50862 38
5.32875 0.111942 5.17929 39
4.91019 0.261729 4.95791 40
4.97915 1.00321 5.42573 41
5.79023 -0.212714 4.59481 42
5.46916 0.128632 6.12265 43
5.59938 -0.194639 4.71094 44
7.25821 -0.890343 6.59948 45
5.67081 -0.54901 5.61237 46
6.31139 0.0815432 5.3063 47
6.19463 -0.695602 5.7567 48
6.12097 -0.39861 5.73712 49
6.67669 -0.759832 5.49142 50
7.14027 0.302876 5.41998 51
6.67127 0.157664 5.45972 52
6.5663 0.0384881 6.36735 53
6.67086 0.256174 6.32405 54
7.95819 -1.15819 6.35252 55
7.303 -0.433001 5.81133 56
7.146 -0.610589 6.94467 57
7.30252 0.344072 6.59191 58
7.73196 1.38069 8.242 59
7.3249 -0.484077 7.09161 60
7.36075 0.216304 7.40212 61
7.72982 0.0239186 7.91843 62
8.50772 -0.998355 6.68528 63
8.3474 0.315243 6.68349 64
8.45539 -0.902847 7.46111 65
8.71832 -0.513769 7.39573 66
8.35137 1.14076 8.49316 67
7.70408 -0.0959964 7.83618 68
10.7415 0.776492 7.05415 69
8.44837 -0.0859018 7.71732 70
7.81982 -0.547736 7.6789 71
7.96076 -0.900941 8.15364 72
10.9301 -0.123312 7.71235 73
9.63202 0.952272 8.9427 74
10.4671 -1.09477 7.7333 75
11.1558 0.403099 9.07486 76
9.35776 -0.278812 9.35742 77
9.14361 -0.00947852 8.75184 78
9.35351 -0.177202 8.29099 79
10.0343 -0.802282 8.78168 80
8.99228 -0.757864 9.12704 81
9.01261 -0.920207 9.48797 82
9.74353 0.103212 8.82846 83
9.25877 -0.702521 8.21382 84
9.82449 0.471539 8.79768 85
10.8505 -1.45392 10.0544 86
11.2939 1.48596 9.57981 87
10.8183 0.415399 10.3232 88
10.0499 -0.301979 9.91836 89
10.1761 -0.194857 10.3901 90
12.5461 -0.59038 9.35514 91
10.5756 -0.565779 9.97754 92
10.955 0.991374 11.2154 93
10.6992 -0.10168 10.0177 94
11.9753 0.555622 10.1023 95
11.7758 0.381703 11.0388 96
11.4398 -0.366548 10.7558 97
11.4093 -0.556267 10.4245 98
11.6526 0.0949718 12.4158 99
12.1145 -1.05821 11.7764 100
12.1177 -0.579583 10.5922 101
11.6028 -0.249915 11.1746 102
12.478 -1.16625 11.4475 103
11.8394 -1.72313 12.9441 104
12.2104 -0.836635 13.1756 105
13.1816 -0.151097 12.5419 106
14.005 -1.1413 11.738 107
12.8069 -0.66566 11.9617 108
13.3679 -0.599972 11.3886 109
13.1921 -1.45052 12.5303 110
13.0337 0.0307468 12.2028 111
14.128 -1.20301 11.831 112
14.7076 -1.28571 12.2555 113
14.2606 0.1551 12.7514 114
13.9921 -0.515533 13.0205 115
13.5627 -0.552563 12.4585 116
13.7465 -0.565509 13.5919 117
13.1777 0.873086 13.7972 118
16.3693 0.0707775 13.7822 119
13.702 -0.214514 13.5088 120
14.3153 -0.0206159 12.5644 121
15.1111 -0.959578 13.0464 122
13.6888 0.260863 13.6134 123
15.4615 -0.474295 12.4911 124
17.6428 1.57497 13.945 125
14.6806 -0.579116 15.567 126
16.948 -0.113821 14.5732 127
14.8584 0.0252622 14.9017 128
16.2827 0.198623 14.8334 129
15.5377 0.30418 14.9764 130
14.9747 -0.597587 14.8199 131
15.6309 0.394558 15.2374 132
17.0008 -1.48169 16.2932 133
17.1875 -1.38169 16.1382 134
16.8783 -0.522881 14.7086 135
16.4082 -0.778259 15.8551 136
16.2083 0.413545 15.4351 137
16.5661 -1.07281 15.8007 138
17.3211 0.236026 14.793 139
16.8753 -1.11286 14.9415 140
17.7309 0.348054 15.8831 141
17.6162 1.40231 17.2102 142
18.36 -1.48237 15.875 143
18.0761 -1.19664 15.5918 144
16.9894 -1.26382 16.3409 145
18.6749 -0.446842 16.2932 146
19.8231 -3.45614 18.2962 147
19.1107 1.1968 18.3225 148
19.6794 -0.347532 17.4415 149
19.0428 -2.23284 17.7693 150
18.7436 -1.22217 16.4519 151
18.3565 -0.865457 17.0161 152
18.2676 -0.624773 18.0044 153
18.5422 -1.93893 17.6729 154
19.6196 -0.339041 17.6339 155
18.9941 -1.46057 18.9642 156
19.406 -1.32568 17.0628 157
19.9144 0.34525 19.0452 158
19.3841 -0.0299118 17.8376 159
19.8184 0.662237 17.9264 160
20.048 -1.00531 17.5529 161
20.0492 0.503167 18.4783 162
19.7121 -0.0939648 18.2992 163
20.3613 -0.00429476 17.4494 164
20.32 -1.31475 19.2715 165
21.0423 0.517853 19.7801 166
20.2842 -1.04345 18.1944 167
21.097 -2.11302 18.4892 168
20.0666 -1.11018 21.1873 169
21.0189 -1.59087 19.0361 170
21.0493 0.34265 19.3707 171
20.8443 0.082493 19.543 172
21.8352 -0.78029 19.0808 173
20.6588 -0.807199 20.0336 174
21.3549 -1.46343 19.9016 175
21.3965 0.0744189 20.6742 176
21.5947 -0.533193 20.8703 177
22.0862 -0.0506418 20.185 178
21.7085 -0.775814 20.4065 179
22.3524 -0.0943113 20.3806 180
22.3215 -1.44378 20.5606 181
21.8942 -0.885376 21.5339 182
22.5508 -0.487512 21.4543 183
22.5137 0.0124051 19.7477 184
23.148 -0.00410849 20.6746 185
23.3838 -0.636105 20.8823 186
22.1693 -0.0208745 22.0373 187
22.8018 0.0307654 21.1431 188
23.063 0.00697831 22.2131 189
22.9615 -1.31379 22.3584 190
23.3493 -0.211489 20.8398 191
24.9622 -0.635182 21.1874 192
23.9568 -0.543278 21.0097 193
22.8053 -0.530642 22.3259 194
23.1951 -0.167286 22.1403 195
24.8814 -1.76407 22.3348 196
24.3693 -0.455592 22.2202 197
24.834 -0.162161 21.9909 198
24.3297 -0.497531 23.2758 199
25.8329 0.181657 21.8463 200
25.7187 -0.419853 22.5264 201
24.8997 0.281997 22.9855 202
24.3878 -0.184465 24.7001 203
27.0264 0.00206608 22.2398 204
24.3995 -2.0726 24.3772 205
26.4286 -1.48872 22.278 206
26.6895 -0.787773 25.0148 207
25.377 -1.03854 23.4184 208
27.1296 0.160068 23.9547 209
24.8352 -0.886011 24.4216 210
26.3386 1.04674 25.0126 211
26.2516 -1.4839 26.0639 212
26.107 -1.78709 24.8163 213
26.4246 0.911637 25.041 214
26.6796 -0.577946 24.0171 215
25.5564 -0.353157 26.8401 216
27.2483 -0.569966 24.2883 217
28.3182 -0.164528 24.363 218
28.0157 -0.967618 25.3406 219
28.0072 -0.749553 25.6498 220
27.5365 -0.91736 24.6151 221
28.4035 0.419143 24.7888 222
27.313 -0.585929 25.6997 223
27.8478 -0.641567 25.1624 224
27.6447 -1.08444 25.8633 225
27.7203 -0.409828 27.1549 226
28.517 -0.329822 26.2175 227
27.4496 0.378988 26.056 228
29.3575 -0.0395405 26.7455 229
29.1087 -0.623781 26.1466 230
29.2034 -0.786221 26.0732 231
28.1427 -0.372511 27.8154 232
29.8813 -0.689444 26.8263 233
29.471 -0.425389 26.625 234
28.9349 -0.811407 26.8431 235
29.7794 -1.11911 26.3467 236
28.7798 -0.9741 27.9241 237
29.0047 -1.8146 28.0238 238
30.3301 -0.308279 27.6763 239
29.8235 0.0884142 27.0954 240
29.4488 -1.13144 28.5617 241
29.971 0.0808698 27.3219 242
30.2657 -0.560464 27.987 243
29.7623 -1.36388 29.7189 244
30.2469 -0.72825 27.0436 245
30.329 -0.228748 28.0222 246
30.1133 -0.640226 29.2916 247
30.4884 -0.390598 28.8177 248
31.2729 -0.505343 29.1161 249
31.0478 -1.34697 28.2397 250
31.2146 0.519279 30.51 251
30.3997 0.0873759 29.2205 252
31.4185 0.203392 29.1802 253
30.7393 0.0314724 28.9252 254
31.8758 -1.45869 28.5117 255
33.1146 -0.41919 28.8884 256
30.9012 -1.0158 29.3807 257
31.9956 0.39603 29.6807 258
31.8617 0.383246 29.2431 259
32.1321 -0.981451 28.9173 260
31.9853 -1.46429 30.1006 261
32.2733 -1.42487 30.9214 262
33.3038 -1.70312 30.0167 263
32.4795 -0.283719 29.7494 264
32.9569 -1.46154 30.0762 265
32.1753 -0.626594 30.392 266
33.7312 -1.02909 31.0386 267
33.272 1.35939 32.9692 268
35.1032 1.24906 30.2841 269
34.7275 1.22081 30.4495 270
33.1791 -1.56462 31.5389 271
33.8516 -0.0218977 31.1254 272
34.3265 -0.672555 30.7775 273
34.5597 -1.28849 32.7276 274
33.5306 -1.22996 32.5118 275
34.0156 0.264009 30.8154 276
34.1864 -0.393963 32.144 277
34.7299 -0.368957 32.4334 278
34.0763 -0.545647 31.6488 279
35.1388 -0.600567 32.2594 280
35.9586 -1.95821 32.2669 281
34.9549 0.217709 32.2037 282
34.9387 -0.495394 33.1565 283
34.638 -1.29841 32.6724 284
35.9137 0.343693 34.1471 285
35.5327 -0.0807582 32.4474 286
35.1529 -0.845538 33.8445 287
35.4103 -0.83949 33.4504 288
35.7282 -0.965581 33.2659 289
36.2741 0.0507888 33.7305 290
35.8672 -0.378811 34.1582 291
35.6186 -0.431544 34.475 292
35.5666 0.0169911 33.8394 293
36.2243 -0.730266 33.092 294
36.3637 -0.012758 34.185 295
37.5378 0.481191 34.8763 296
36.7685 -1.39652 36.0156 297
38.0363 -0.425381 34.0622 298
36.3194 0.00929246 34.7673 299
36.9448 -0.698588 34.6447 300
36.5105 -0.52839 35.3237 301
36.677 0.32141 34.8189 302
36.3012 0.148958 36.9218 303
37.5289 -0.956809 34.6859 304
37.6986 -1.28402 35.9472 305
39.713 -0.0351234 35.5579 306
37.2039 0.183116 36.6613 307
37.9003 -0.242822 36.7528 308
38.1808 0.578447 34.9417 309
38.8164 -0.527101 35.8112 310
37.7895 -0.83816 36.3005 311
38.2194 0.0339851 36.2491 312
37.4363 1.27912 37.5736 313
39.1355 -1.27428 35.394 314
39.2588 -0.819762 36.6077 315
39.2959 0.286938 38.0129 316
38.4199 0.143945 36.8028 317
39.2688 -0.96754 36.9457 318
38.9614 -1.01799 36.6919 319
38.7158 0.420828 36.969 320
39.8645 -0.814141 37.1189 321
39.0309 -0.410344 37.6644 322
39.6313 -0.64892 36.9509 323
40.0126 -0.359186 36.6048 324
39.7661 0.0575339 37.6802 325
40.4374 -0.0747468 37.7749 326
41.2335 -0.162322 37.3276 327
40.2093 -0.240811 37.77 328
39.5037 0.313324 38.3 329
39.8579 -0.00570036 38.0885 330
40.7434 -0.220254 38.3739 331
40.9865 -0.225749 38.9034 332
40.1667 0.799319 39.0398 333
40.8448 0.279417 38.5322 334
42.1207 1.41246 39.6033 335
41.171 0.291417 39.8751 336
40.3772 0.309699 40.4026 337
40.4557 -0.206033 39.627 338
41.9782 -0.30978 38.6785 339
41.428 0.254832 38.9437 340
41.2952 0.414513 39.0804 341
42.527 -1.14701 40.3521 342
41.8299 0.89484 39.7915 343
42.5525 -0.0734796 39.1399 344
43.1125 1.80702 39.8738 345
41.9937 -1.01726 40.5283 346
42.2907 -0.141009 39.4442 347
43.1846 1.09119 42.2195 348
42.7278 0.120257 39.8175 349
42.2455 0.700326 40.158 350
42.5197 0.834429 40.2759 351
42.2 -0.177078 40.4596 352
43.0777 0.157585 41.2127 353
42.941 -0.0477193 41.035 354
42.97 0.316457 41.5133 355
43.9418 1.1289 41.3567 356
43.0564 -0.106586 41.254 357
43.1804 0.487453 44.0977 358
43.4688 -0.375556 41.7334 359
43.1233 0.0460408 41.1909 360
45.2652 0.480696 40.908 361
43.1602 1.3154 42.6685 362
44.704 -0.92017 42.4919 363
43.9035 1.27525 42.6339 364
43.9791 0.591089 42.488 365
43.5326 0.391156 42.7933 366
44.804 0.414102 42.4305 367
43.9464 -0.425684 43.2398 368
44.7357 -0.235121 42.8348 369
43.9267 0.973071 42.3647 370
44.9281 0.530739 42.5749 371
45.6393 1.03599 42.3594 372
46.3742 0.842638 43.5932 373
45.115 1.46171 43.7508 374
46.3444 -1.34976 44.3274 375
45.037 -0.362156 45.4995 376
45.7951 0.210995 43.2204 377
45.2044 0.157852 43.845 378
44.8458 0.162471 44.5275 379
45.5198 1.56865 45.3014 380
48.0362 -0.105176 43.964 381
45.0109 1.22398 44.8132 382
46.2799 1.75656 45.2155 383
45.9141 0.606148 44.0913 384
45.9314 1.03686 44.0912 385
45.5464 1.36758 45.1893 386
45.3682 -0.411467 46.7837 387
46.6278 -0.0665542 44.9796 388
46.3767 0.158188 47.4619 389
47.8765 1.2137 45.4452 390
48.7387 1.25975 46.0373 391
46.5816 1.4019 46.0505 392
47.7754 0.233146 47.029 393
48.1326 1.6225 45.2021 394
48.7337 0.0274738 47.7743 395
47.6392 0.745627 46.2802 396
48.4298 0.50075 48.2326 397
47.4736 0.779519 47.4913 398
47.6985 0.169703 45.9651 399
47.5456 0.894646 47.4171 400
47.5891 0.361456 47.1413 401
48.296 0.881809 47.8996 402
50.5805 1.97509 46.7539 403
47.4105 -0.0719164 47.1769 404
48.4519 -0.407484 46.9528 405
49.6002 1.93227 47.495 406
50.4373 0.549251 49.655 407
49.9922 0.754659 49.3288 408
49.8728 0.730311 48.0786 409
49.1184 0.191774 48.8241 410
49.2786 1.12915 47.435 411
50.9761 -1.13795 47.6938 412
49.4222 -0.833882 51.8642 413
51.6334 -0.560765 49.0225 414
49.529 -0.0513851 49.9231 415
49.4211 0.635988 49.8299 416
50.255 1.88521 49.9089 417
49.9278 0.552301 48.7459 418
49.5771 0.137702 50.9665 419
50.8831 0.193214 49.1565 420
51.7063 1.7324 50.5516 421
52.0612 1.2374 50.2415 422
51.6006 1.84649 50.4837 423
50.1553 -0.0945025 50.2639 424
51.9246 1.09778 50.1273 425
51.2814 -0.38811 49.773 426
51.7434 0.0195275 51.2696 427
50.5015 0.392769 50.3777 428
50.948 0.844637 50.2555 429
51.4922 -0.599117 51.9018 430
51.1886 0.862105 50.3945 431
52.8309 1.9368 51.7165 432
51.9833 -0.710861 53.2434 433
53.2118 0.590687 51.8032 434
52.0995 1.29481 52.4848 435
53.6198 2.68966 51.9445 436
52.7322 0.712278 52.6641 437
54.2143 1.1169 52.3964 438
52.8422 1.49437 52.9141 439
53.5437 0.333059 52.0452 440
53.4579 0.253838 52.8175 441
52.7784 0.738843 52.2953 442
52.5626 1.05402 53.6232 443
53.5855 1.75275 54.0149 444
54.901 1.72774 53.2841 445
52.7242 0.447467 52.7186 446
54.2356 0.622593 54.1483 447
55.3645 -0.0902939 53.7832 448
54.4483 1.0974 53.4317 449
54.2115 1.17999 53.2181 450
53.5232 0.0163634 54.7468 451
53.8526 0.113859 53.9444 452
56.1652 0.135209 53.4292 453
56.1689 0.338724 54.7518 454
54.422 0.146512 54.6398 455
55.2522 0.44744 54.4106 456
54.4826 1.53308 55.1861 457
55.5695 1.39 54.8806 458
54.8878 -0.0776155 55.8823 459
54.7473 1.16982 56.0732 460
55.6038 0.61224 55.2325 461
56.2091 1.27818 55.4918 462
56.7587 0.983284 56.9359 463
56.097 0.33893 56.3416 464
56.2421 1.40415 55.513 465
55.4321 0.922488 56.993 466
57.9608 1.92412 56.529 467
56.597 0.511665 55.4526 468
56.4608 1.42013 56.3327 469
57.5038 -0.688636 57.3403 470
57.2015 1.06557 56.7078 471
56.284 0.302805 57.1998 472
57.8227 1.37527 57.2033 473
57.1904 -0.224111 58.1044 474
58.778 1.5787 56.8511 475
57.4416 1.2274 59.0437 476
57.337 0.991072 57.244 477
58.1841 -0.880855 58.5893 478
56.9575 0.424326 58.1076 479
57.8976 -0.433482 58.4202 480
58.1646 1.65183 58.6034 481
58.1732 1.50267 59.0582 482
58.8182 0.40001 58.4719 483
57.5587 1.10339 58.3372 484
59.8793 2.29053 59.5017 485
60.0005 1.08269 59.624 486
58.0957 1.14958 58.6322 487
59.5864 1.01099 58.9737 488
58.7435 0.671989 59.1848 489
58.9234 1.08228 59.2683 490
59.9205 1.33097 58.9575 491
59.1044 1.63968 59.0715 492
59.0348 1.0216 59.6724 493
59.619 1.62416 59.4581 494
61.3854 0.168113 61.1877 495
59.83 0.677502 60.8417 496
59.9631 0.0757907 61.6264 497
60.1347 0.86167 59.8777 498
59.3129 1.21609 63.1603 499
59.6419 1.35905 61.5818 500
59.7192 0.23235 60.9503 501
61.1987 0.298498 61.0478 502
60.7349 -1.03834 62.7099 503
60.0674 1.15658 62.5152 504
61.4845 1.36734 62.4201 505
61.0592 0.0952089 61.6948 506
60.9605 1.74834 62.8307 507
62.172 1.77611 61.6042 508
62.0046 1.23793 62.768 509
61.6373 1.23322 63.1437 510
63.6398 1.70763 62.0593 511
62.6518 0.318391 62.5635 512
61.9517 1.31091 62.0595 513
62.8095 0.234532 62.0342 514
61.5749 1.08056 63.1583 515
61.0467 1.6848 64.3179 516
61.598 0.239049 61.851 517
62.0107 -0.179543 63.6244 518
64.2421 0.408286 64.4698 519
62.1771 0.393768 62.2053 520
62.5105 0.992735 64.3641 521
62.8473 -0.469998 63.7128 522
62.4232 0.380005 64.8728 523
63.773 0.436218 64.0395 524
65.0578 2.17975 64.2383 525
63.4084 1.49744 64.8758 526
63.5146 0.626179 63.9697 527
63.7792 0.0794354 64.1049 528
64.815 2.29897 65.5554 529
64.5168 -0.152142 64.1021 530
63.942 0.0503245 65.6422 531
64.6875 1.35101 64.9164 532
63.9544 0.153916 66.3443 533
64.7099 -1.06544 65.5068 534
65.2961 -0.198899 64.9188 535
63.9976 0.418081 66.8776 536
65.9567 0.526764 65.8627 537
65.4837 -0.15805 65.7225 538
64.7112 -1.40165 68.0308 539
66.5239 -0.783595 65.6125 540
64.9182 1.07445 65.6475 541
66.7968 0.400166 66.896 542
65.4841 1.29749 66.6193 543
66.2164 1.37046 65.9789 544
66.3354 1.0226 66.8097 545
66.3296 0.910958 66.6549 546
64.992 0.167665 66.8285 547
65.902 0.657112 67.1566 548
65.8022 -0.470628 68.6954 549
66.4607 -0.0747653 66.5911 550
65.4613 0.71086 69.084 551
66.6901 1.60991 68.5693 552
66.2235 1.27797 67.9294 553
66.0202 0.149305 67.5908 554
66.3236 1.12048 67.8457 555
66.5454 0.0790482 68.009 556
66.7993 0.632155 67.3463 557
66.3115 0.880076 67.9233 558
66.6731 -0.159491 67.7133 559
67.3525 1.3737 68.1121 560
67.2521 1.23681 68.5231 561
68.7776 -0.135911 69.066 562
67.7329 -0.34751 68.5512 563
67.4648 1.05526 69.7004 564
67.9512 0.162119 67.7365 565
68.1593 -0.195586 68.2224 566
67.9897 -0.899818 69.5283 567
67.0783 0.670371 68.7763 568
68.9566 1.62552 69.5174 569
67.6144 0.760907 69.6402 570
68.4479 1.37592 69.1651 571
71.2299 -1.30236 70.988 572
69.6441 2.32794 70.6396 573
69.1005 0.288089 69.0045 574
68.5904 0.85222 69.5976 575
68.0744 1.19803 70.988 576
69.7762 0.128033 69.5176 577
68.9267 1.29517 69.5322 578
69.8705 0.160715 71.1238 579
69.1322 0.39835 72.8603 580
70.5217 0.0427448 70.5493 581
68.6538 -0.00539162 71.9299 582
69.5193 -0.0602843 72.0307 583
69.5465 0.456968 70.9497 584
71.6886 2.34464 70.8405 585
70.3705 -0.43027 70.9283 586
70.0988 1.84951 72.2749 587
70.5046 -0.852522 72.5715 588
72.098 -1.38503 72.6171 589
70.8488 -0.722845 72.5357 590
71.3551 -0.143404 72.2482 591
70.9942 0.916096 74.8102 592
71.4138 0.829688 71.7374 593
72.607 2.08517 72.8145 594
72.2742 1.21724 74.3297 595
72.2825 -0.273037 73.105 596
73.8163 2.1188 73.9802 597
71.9529 0.427995 75.1186 598
72.4515 1.44683 74.5965 599
72.6077 2.40146 74.6568 600
74.3823 -0.665276 75.762 601
73.2006 1.90517 74.7844 602
73.4261 -0.868724 74.86 603
73.9851 1.78509 75.7156 604
74.3382 0.514306 74.6526 605
74.2706 0.465236 74.2869 606
74.879 1.23345 76.3411 607
73.139 0.417677 75.0689 608
75.5735 -0.103918 75.5876 609
73.9707 -0.0483155 75.6253 610
73.9222 2.54708 76.9963 611
73.5785 -0.56452 77.2249 612
74.3925 0.843169 75.4206 613
74.3503 0.681065 77.5685 614
75.1968 2.05042 75.3426 615
74.8134 0.122396 76.5706 616
75.0406 1.99649 76.7894 617
75.028 0.534317 75.713 618
75.6135 0.454438 77.9647 619
75.7015 1.39285 77.2579 620
74.9396 0.433714 76.784 621
76.2176 -0.82167 77.9965 622
75.7229 1.21809 77.968 623
76.966 -0.611969 78.6628 624
75.8461 0.994832 77.0055 625
76.198 1.72916 77.6848 626
77.2482 0.63913 78.2432 627
76.3097 1.84464 77.7966 628
77.4511 2.43999 77.1923 629
76.6992 0.466677 78.7078 630
76.5733 0.216155 79.1141 631
76.3431 0.0561042 79.327 632
76.8367 0.665803 78.389 633
77.2697 1.50926 79.6191 634
77.7059 0.380518 78.206 635
77.402 1.66996 79.2144 636
77.717 1.91809 79.695 637
78.6463 0.394834 79.0702 638
77.7825 -0.19225 79.9651 639
78.893 0.284712 79.691 640
78.1157 0.0487079 82.0574 641
77.49 1.16922 80.3824 642
78.4013 0.564622 81.2205 643
79.333 0.886101 80.5467 644
79.2557 1.35828 79.9941 645
78.3554 1.17688 80.0469 646
80.3351 0.831606 80.2165 647
79.2181 0.0153408 80.6931 648
78.7983 0.804549 80.4664 649
79.2503 1.40974 81.1808 650
79.1285 1.39799 80.9731 651
80.6705 -0.707267 80.0729 652
80.5575 1.64865 81.5124 653
79.9006 -0.242211 81.0591 654
81.0676 1.16298 81.0183 655
79.2505 0.317579 82.2403 656
80.5343 1.67756 82.2252 657
80.0458 0.0955043 81.3893 658
79.71 0.543538 81.8934 659
80.7057 -0.359499 81.2842 660
79.8515 0.762248 81.5316 661
80.3263 0.772059 82.7297 662
80.8741 0.361455 81.4998 663
80.9445 0.250211 82.1694 664
81.1267 -0.635338 82.4021 665
81.8277 0.704834 81.9585 666
81.3185 1.4209 81.6718 667
81.3415 0.473823 82.0974 668
81.955 0.375069 82.6612 669
81.5127 -0.727376 83.3194 670
81.9598 1.19783 82.064 671
81.2203 0.580488 82.8773 672
81.6615 1.51677 84.2146 673
81.3626 -0.539796 83.4933 674
83.5106 1.25738 82.3686 675
81.6096 -0.372962 84.2752 676
82.0077 -0.578625 83.2281 677
82.6421 0.154693 85.392 678
82.3914 0.611502 84.1353 679
82.9723 0.00989018 84.1601 680
81.9286 0.867307 84.7863 681
82.2277 1.25591 84.8714 682
83.0315 0.70505 84.026 683
82.349 -0.303932 86.1654 684
83.2469 1.03754 84.4614 685
84.2214 -0.90921 84.2987 686
84.5604 -0.463918 84.6759 687
84.5363 0.297723 85.3442 688
83.6557 -0.169848 85.6588 689
84.3573 1.56451 85.6494 690
84.3518 -0.40931 87.3326 691
83.8781 0.501797 85.0753 692
84.2365 0.404239 85.3323 693
83.7588 0.0213375 84.9541 694
83.8292 -0.82838 87.0289 695
84.2576 0.10368 85.296 696
84.2203 -0.194354 85.1063 697
84.3382 -0.211054 86.6918 698
83.9986 -0.0709417 85.8781 699
85.1407 0.225711 86.474 700
85.4669 -0.821292 86.6603 701
85.5919 -0.129934 86.7712 702
85.4302 -0.146392 87.1624 703
85.6514 -0.685753 86.994 704
85.0746 -0.889554 87.7854 705
85.6126 -0.0150634 86.1709 706
86.1943 0.81266 86.9558 707
85.5987 -1.6614 88.4363 708
86.3647 0.997384 86.2893 709
86.6801 0.456975 86.8428 710
85.6628 0.347789 87.3258 711
86.4735 -0.451661 87.2561 712
86.7276 0.0784715 87.5508 713
86.3017 0.812104 88.7338 714
86.9789 0.625935 87.1962 715
86.9012 -0.847561 87.6841 716
86.6253 -0.116996 88.043 717
86.7046 0.605297 88.089 718
87.3575 -0.137631 88.3639 719
86.9725 0.495694 87.8749 720
86.9733 -0.326218 87.8316 721
86.7862 -0.561153 88.1967 722
87.4451 -0.105954 87.9359 723
87.1706 0.631942 88.391 724
87.3435 -0.413211 88.1549 725
88.3205 -0.468393 88.0376 726
87.1794 -0.645937 88.7174 727
87.5274 -0.0828211 87.9414 728
87.1262 -0.78617 88.9804 729
87.7314 0.264716 88.6721 730
89.4674 0.702505 89.3167 731
88.0801 -0.67446 88.9556 732
87.6093 -0.619699 89.0212 733
89.2494 0.117001 88.6251 734
87.9062 0.182596 89.6486 735
90.1808 1.04655 89.5534 736
88.6416 0.234552 89.3859 737
88.3348 -0.396304 89.1067 738
88.9293 -0.894895 89.1739 739
88.3624 -0.104537 89.4885 740
88.7244 -0.0305423 90.2767 741
90.0212 -0.782518 89.6151 742
89.597 -0.123559 89.0719 743
88.9552 -1.10451 90.0142 744
90.0535 -0.320394 89.7182 745
89.5825 -0.144044 89.6732 746
89.6993 -0.306441 90.1259 747
90.1138 -0.468692 90.7584 748
90.2161 -0.0701425 90.537 749
90.8342 -0.269326 90.1558 750
89.7974 -0.429554 91.2663 751
89.9645 0.412923 90.7284 752
89.8791 -0.552932 89.7998 753
90.4307 -0.880602 91.0926 754
90.6583 -1.28574 91.4958 755
90.3933 -0.283974 90.7724 756
90.7199 -0.959264 91.8016 757
90.488 -0.813037 90.5965 758
90.1202 -0.657144 91.7763 759
91.1214 -0.0729831 91.1651 760
90.7363 -0.878919 90.6552 761
90.7066 -0.352245 90.8295 762
90.4954 -1.26263 91.9974 763
91.1226 -0.117716 91.1446 764
91.3716 -0.329294 92.4296 765
91.1757 -0.738505 91.5334 766
91.8074 0.0481815 91.8502 767
91.6262 -0.931237 91.162 768
92.0753 -0.201419 91.2326 769
91.9587 -0.011692 91.6098 770
92.0927 -0.418967 91.2171 771
92.1025 -0.612729 91.577 772
91.9022 0.0868386 91.9587 773
92.8202 -1.15129 92.865 774
91.9897 -0.575384 92.1288 775
92.1297 -0.482307 91.9294 776
92.2251 -0.845177 91.4851 777
94.0652 0.174484 92.4882 778
92.7617 -1.0912 92.1231 779
93.0952 -0.711456 91.9792 780
93.1235 -0.0613747 92.5868 781
93.4429 0.280988 92.1776 782
93.1071 -1.06121 92.8185 783
92.712 -1.00258 93.2865 784
93.0908 -1.23786 92.4157 785
93.1629 -0.457271 93.5092 786
94.1238 -2.46282 92.7251 787
94.5296 -0.84824 93.5225 788
92.9762 -0.68829 92.4966 789
93.7745 -0.104534 94.3144 790
93.8738 -0.970707 92.4898 791
94.4787 -1.2659 93.3902 792
93.7329 -1.04811 93.2386 793
94.6559 -0.157426 93.6582 794
95.4433 -1.54487 93.1728 795
95.256 -1.09743 93.5893 796
94.7864 -1.1408 94.3601 797
94.7294 -1.30968 94.6385 798
95.6433 -0.0396605 93.8318 799
96.2662 -2.46266 94.5429 800
1872.38 -273.136 1373.62 801
95.4547 -1.71933 94.901 802
95.1687 -1.51933 95.0072 803
95.4638 -1.18281 95.0297 804
95.1706 -0.464847 94.9524 805
95.666 -0.690444 95.0175 806
96.1308 -0.737241 94.7939 807
97.0607 -2.08839 95.9596 808
95.6437 -0.702383 95.2644 809
96.7229 -0.550333 95.0013 810
96.0099 -2.41785 96.2554 811
97.1103 -2.0124 95.0754 812
96.7355 -1.37712 94.9083 813
97.0063 -1.23032 95.5339 814
96.6819 -1.86036 95.0004 815
96.283 -1.56255 95.6277 816
97.1528 -1.01752 95.5758 817
97.7919 -0.278119 95.2428 818
97.5206 -1.74138 94.8351 819
98.0574 -1.98105 95.8389 820
98.1603 -1.44062 96.0182 821
96.9013 -2.34087 96.4801 822
96.7306 -1.64995 95.7066 823
98.1596 -2.6534 95.5673 824
97.715 -1.24683 95.205 825
98.4089 -1.45347 97.2357 826
97.9534 -1.08208 96.1495 827
97.8547 -1.57926 95.9862 828
98.5229 -1.15364 96.477 829
98.0619 -1.9302 97.2538 830
98.0331 -1.43432 96.0814 831
98.5643 -2.50977 96.5278 832
99.0449 -0.755409 97.0654 833
98.9891 -1.51917 95.8447 834
98.9957 -2.23237 96.2607 835
98.5002 -1.93358 96.1218 836
98.6311 -1.47589 96.2686 837
98.1744 -2.3041 97.3505 838
98.8502 -2.01516 96.3528 839
99.4076 -1.15778 97.1071 840
99.2125 -1.72283 97.6089 841
99.1257 -1.36257 97.4912 842
100.398 -2.45559 96.9935 843
99.4026 -2.55036 98.3348 844
99.8406 -2.19395 97.6159 845
100.709 -2.65087 97.7284 846
99.3755 -1.92024 97.8022 847
