-0.003975 0.91831 -3.89877 0 -0.01507 0 0
-0.163612 2.02339 -7.76225 0 0.018554 0 1
0.229443 3.01248 -10.5286 -0.00175165 -0.0348211 -0.00476752 2
0.247145 4.11452 -11.9361 -0.00440169 -0.0392714 -0.00317179 3
0.834353 5.10346 -12.3493 -0.0121501 -0.162275 -0.00366452 4
0.0162315 6.13691 -12.5808 -0.0142425 -0.0460943 -0.00242814 5
-1.46657 7.32902 -12.8153 -0.0105157 0.222548 -0.00210126 6
-2.55357 8.65023 -12.9825 4.12077e-05 0.367219 0.00241489 7
-4.07661 9.54098 -13.8621 -0.0162692 0.598439 0.0058809 8
-6.072 10.5356 -14.8837 -0.0140351 0.925421 -0.00661631 9
-7.19061 11.877 -16.3651 -6.03454e-05 1.15617 0.00119089 10
-8.3145 12.8663 -18.3693 0.00683185 1.42993 0.011529 11
-8.26885 13.985 -21.0826 0.0165868 1.62099 0.0149898 12
-4.96454 14.9639 -24.3146 0.0173544 1.62704 0.0262314 13
-0.283456 15.9542 -28.1854 0.0280721 1.62634 0.0230326 14
4.91426 17.0965 -33.0045 0.0394726 1.6229 0.0364767 15
9.25504 17.0764 -38.243 0.0330654 1.65334 0.0488335 16
14.481 16.2707 -42.957 0.0341713 1.66016 0.0675267 17
19.9817 15.8205 -47.5767 0.0470413 1.66643 0.0651414 18
24.6248 14.6473 -52.6459 0.0306281 1.6795 0.0681829 19
31.855 14.0585 -55.5932 0.0253656 1.60937 0.0705801 20
37.0475 12.0851 -59.253 0.00802684 1.58565 0.0439635 21
43.177 11.4567 -62.7896 -0.000179311 1.54444 0.043114 22
48.4356 7.85059 -70.5664 -0.049527 1.57046 0.00551257 23
54.857 5.81786 -75.1479 -0.069988 1.54674 -0.0154703 24
61.8681 8.09424 -80.4898 -0.0399331 1.53062 0.00967148 25
71.2984 6.03415 -86.477 -0.0553411 1.49254 -0.00750264 26
80.0177 3.20263 -93.1458 -0.0757892 1.46815 -0.0298607 27
83.7143 1.52928 -103.651 -0.0812721 1.5229 -0.0500684 28
89.6224 2.1294 -110.83 -0.0639183 1.53143 -0.0492934 29
96.0806 0.555902 -116.868 -0.0833371 1.52784 -0.0605348 30
104.241 2.244 -117.912 -0.0670584 1.47488 -0.0467309 31
110.773 1.10612 -121.748 -0.0807581 1.44731 -0.0515017 32
114.563 1.5577 -128.789 -0.0721201 1.46731 -0.0510057 33
118.386 1.50544 -134.334 -0.0724285 1.4761 -0.050254 34
123.418 2.39415 -139.968 -0.0718491 1.4745 -0.0394846 35
128.927 4.76037 -144.804 -0.0578187 1.46522 -0.0183791 36
133.06 -0.889551 -148.58 -0.105354 1.45989 -0.0566367 37
135.16 -0.219478 -153.46 -0.0984642 1.47503 -0.052246 38
138.241 -0.556506 -157.935 -0.0961803 1.48339 -0.0584119 39
140.032 1.29041 -164.706 -0.072383 1.5098 -0.0499032 40
147.358 4.38244 -166.566 -0.0476817 1.47612 -0.030254 41
153.58 4.08912 -169.342 -0.0463903 1.45208 -0.0320679 42
157.182 2.60632 -177.861 -0.0569083 1.47773 -0.0383186 43
162.65 7.397 -182.714 -0.0203986 1.47338 -0.014742 44
169.234 6.76512 -187.847 -0.0383035 1.45917 -0.0103503 45
173.437 7.30794 -197.222 -0.0312884 1.48072 -0.00908334 46
179.482 5.63929 -203.348 -0.0485361 1.47854 -0.015468 47
183.452 -2.29547 -215.331 -0.078118 1.51288 -0.0587395 48
188.722 2.00634 -223.82 -0.0488286 1.52587 -0.0384297 49
194.765 1.976 -229.039 -0.045215 1.52084 -0.0405574 50
196.521 -5.37074 -241.688 -0.0707142 1.56434 -0.0791174 51
202.921 -8.20277 -251.166 -0.0861804 1.57298 -0.0864402 52
206.276 4.23111 -262.412 -0.0146888 1.60194 -0.0361456 53
213.021 4.46401 -267.684 -0.0161461 1.5973 -0.0318449 54
225.072 3.12616 -269.904 -0.0169704 1.56328 -0.0358641 55
238.831 -1.02401 -266.576 -0.0442194 1.50317 -0.0477941 56
241.405 1.46773 -278.197 -0.0289537 1.53442 -0.0400764 57
242.926 4.78153 -291.167 -0.0135429 1.57218 -0.0274204 58
248.242 1.73403 -298.417 -0.0261963 1.57905 -0.0375618 59
255.203 -2.8276 -302.648 -0.0336992 1.57002 -0.0565335 60
260.845 5.08849 -307.625 -0.0109686 1.56809 -0.0221357 61
264.872 -0.517301 -314.65 -0.0338963 1.57762 -0.0408373 62
271.732 -1.8757 -316.807 -0.0358005 1.56385 -0.0468287 63
282.634 -4.22747 -312.695 -0.0527297 1.51541 -0.0512616 64
302.916 -5.79324 -290.667 -0.0517402 1.37314 -0.060182 65
332.641 -2.09923 -244.039 -0.0239788 1.10841 -0.0519972 66
358.953 -4.06947 -189.509 -0.0227363 0.806094 -0.0619391 67
376.422 -3.39736 -141.864 0.000566147 0.545228 -0.0639031 68
388.888 -3.87996 -98.8003 0.000821748 0.308276 -0.0647884 69
395.934 -3.60068 -68.5253 0.00726452 0.133705 -0.0639972 70
399.687 -1.47458 -50.0266 0.0162494 0.0173764 -0.0547165 71
400.664 -1.50782 -48.1607 0.0337153 -0.0146224 -0.0587305 72
401.746 0.443315 -50.4886 0.0303662 -0.0322622 -0.047168 73
402.999 -0.540735 -47.2448 0.0273836 -0.0827959 -0.050603 74
403.929 1.11724 -46.8295 0.0501918 -0.118618 -0.0478679 75
403.844 1.8199 -52.024 0.07248 -0.125815 -0.0510771 76
402.243 1.95114 -62.3969 0.0352577 -0.103819 -0.0396592 77
405.533 1.24272 -45.3668 0.0470612 -0.211494 -0.0462387 78
411.305 3.04714 3.74689 0.0444158 -0.477118 -0.0347093 79
412.055 1.2305 33.5089 0.0628392 -0.640485 -0.0472262 80
410.706 3.88694 79.1354 0.0642287 -0.877389 -0.0313919 81
403.776 7.10802 137.885 0.0619568 -1.1692 -0.0113084 82
392.009 6.93395 191.275 0.075098 -1.4297 -0.0101007 83
381.532 8.36295 221.277 0.081862 -1.58048 -0.00138598 84
373.484 10.059 232.737 0.0774434 -1.65137 0.00846161 85
366.288 8.68227 240.93 0.0897966 -1.70602 0.00176685 86
361.198 9.65631 240.763 0.0913741 -1.72024 0.00713154 87
355.693 8.72819 237.057 0.103022 -1.72342 0.00306074 88
351.382 12.3213 228.305 0.0808746 -1.70627 0.0233505 89
349.669 17.9429 208.821 0.0574291 -1.6324 0.0566325 90
346.657 22.8733 195.569 0.0549268 -1.58624 0.0824065 91
342.82 20.1835 191.848 0.057051 -1.5867 0.0657686 92
338.288 21.9192 191.364 0.0397468 -1.60288 0.0758789 93
335.485 21.5092 184.365 0.0605805 -1.58311 0.0711359 94
331.923 21.3899 176.868 0.0650131 -1.56645 0.0693963 95
326.989 21.0368 173.688 0.0595588 -1.57486 0.0670593 96
322.481 20.4908 174.578 0.0676465 -1.60182 0.061505 97
318.442 22.4793 170.243 0.0466875 -1.60032 0.0756957 98
314.252 22.311 166.938 0.0494378 -1.60343 0.0741014 99
308.349 19.4397 170.163 0.0631868 -1.64741 0.0525868 100
301.926 14.7658 174.356 0.0836734 -1.69609 0.0199067 101
296.584 12.6459 171.607 0.10475 -1.706 0.00484221 102
290.315 9.31108 177.657 0.117048 -1.76506 -0.0181444 103
284.121 8.29316 177.909 0.130348 -1.79476 -0.0255144 104
280.066 3.92037 170.381 0.158644 -1.77471 -0.0602931 105
276.87 0.957588 158.501 0.148399 -1.72703 -0.079361 106
271.731 0.106567 154.829 0.155626 -1.73785 -0.0856359 107
265.285 0.0461913 153.554 0.150646 -1.7633 -0.0819757 108
256.915 0.347238 161.323 0.15289 -1.84693 -0.0748352 109
249.405 2.92645 166.349 0.134726 -1.90529 -0.0496474 110
243.141 2.18964 167.455 0.134222 -1.93435 -0.053144 111
238.125 1.57342 166.548 0.144416 -1.95063 -0.0580321 112
233.99 1.50691 163.423 0.140454 -1.94797 -0.0568497 113
232.133 2.30131 155.473 0.144236 -1.90812 -0.0497058 114
236.634 2.19789 121.745 0.129498 -1.67885 -0.0561476 115
239.941 0.604854 81.695 0.111732 -1.39227 -0.0756703 116
239.593 0.525546 46.448 0.106288 -1.1272 -0.0821539 117
236.621 -1.03719 12.2182 0.0923267 -0.861705 -0.0995378 118
231.398 -1.46125 -18.0662 0.0751426 -0.624321 -0.102261 119
224.943 -1.03075 -43.8936 0.0711307 -0.426097 -0.103836 120
219.586 -1.16964 -61.878 0.0572538 -0.301112 -0.0989646 121
218.342 -3.19362 -69.0623 0.0466699 -0.281412 -0.112293 122
218.291 -3.60024 -72.2345 0.0352423 -0.299172 -0.108786 123
220.304 -4.5964 -71.6068 0.0273619 -0.354704 -0.114305 124
220.262 -5.1666 -75.2928 0.0205726 -0.377398 -0.112284 125
217.918 -4.64336 -83.9263 0.0398133 -0.347856 -0.118014 126
215.754 -5.38957 -92.2096 0.037827 -0.321538 -0.123775 127
212.61 -4.93965 -101.764 0.0416243 -0.277515 -0.125975 128
204.434 -5.41081 -118.357 0.0259338 -0.150837 -0.121584 129
187.44 -7.14804 -145.587 5.25705e-05 0.0948781 -0.124476 130
166.68 -8.74398 -173.359 -0.0300186 0.363147 -0.121049 131
144.273 -8.40929 -199.244 -0.0284309 0.62698 -0.123211 132
114.34 -10.5313 -226.867 -0.0594267 0.938883 -0.118615 133
92.7157 -10.6753 -246.102 -0.0752152 1.1509 -0.104919 134
86.4811 -10.087 -254.685 -0.0710843 1.22269 -0.105455 135
88.4362 -7.57561 -259.339 -0.0577521 1.22868 -0.0938315 136
93.4524 -6.82875 -262.998 -0.0505773 1.21659 -0.0942945 137
95.2643 -7.22319 -268.53 -0.0619096 1.22802 -0.0865877 138
94.5016 -11.5163 -276.993 -0.0809372 1.26526 -0.105307 139
98.1678 -14.626 -283.25 -0.0913725 1.27394 -0.123146 140
98.7186 -16.462 -290.564 -0.111666 1.29903 -0.118478 141
99.1279 -17.3032 -297.39 -0.115326 1.32081 -0.123626 142
103.659 -17.935 -300.37 -0.118733 1.31005 -0.126998 143
105.868 -18.6118 -304.118 -0.117441 1.31152 -0.136091 144
110.554 -18.1142 -306.256 -0.115714 1.29604 -0.134094 145
113.123 -18.1707 -310.95 -0.123282 1.2996 -0.127009 146
111.097 -20.3848 -317.772 -0.133215 1.33089 -0.136044 147
110.9 -13.9921 -324.251 -0.113777 1.35377 -0.104167 148
115.75 -3.84552 -327.227 -0.0683894 1.34379 -0.0686602 149
