0.420323 1.121110 -0.748673
-0.284678 -2.883617 -0.641764
-0.542527 -2.345743 1.703626
-1.735860 0.925024 0.327468
0.284248 -0.731631 -0.534867
0.681125 -0.039418 0.449472
-1.123423 1.302687 0.281321
-0.405994 1.369735 1.117160
-0.011118 0.212395 1.106089
0.896631 0.532127 0.975086
-0.517106 0.190977 0.157454
-0.739053 0.507532 0.310354
-0.771713 -0.256010 1.238265
-1.782216 -1.260411 0.269622
-0.020046 0.735400 -1.511523
0.220609 0.752506 0.265797
-0.744577 -0.392200 -1.049139
-0.713472 -0.439446 0.095028
-1.130839 -1.494993 -0.363100
-0.335810 -0.491000 -0.764128
1.412574 1.624177 2.200361
-0.142355 0.051498 0.946796
0.128849 0.730597 0.885016
0.404528 -0.469772 0.901155
-1.355306 -1.874887 1.833677
1.253380 -0.195675 2.521192
0.049736 -0.143321 1.998910
0.998371 2.711077 0.561793
0.430000 -1.257314 0.921705
1.493260 -0.386450 3.751540
-0.540101 -1.007258 1.268612
-1.444390 2.127291 1.329446
-0.088827 0.673538 3.112580
-0.407764 -1.271436 0.711234
-1.018274 0.450004 2.562535
1.410383 -1.274021 1.426996
1.081929 -0.419111 1.190217
1.072103 3.056316 2.903297
-1.525431 0.294736 2.003711
-1.321893 -1.009499 2.281805
1.072124 0.850844 3.038456
1.110923 -0.239626 3.714324
-0.360561 0.105524 1.807668
-0.494191 -0.869541 4.167584
1.204728 0.450081 2.101847
0.084843 -0.768173 2.850277
2.335272 0.341857 2.097999
0.416346 -1.124215 2.742071
0.966651 0.247492 3.860615
2.493789 1.431323 2.013667
0.725332 0.168362 3.313938
1.052222 0.336659 2.572399
0.398832 -0.072978 3.218455
1.978147 -1.188928 2.759535
0.896703 1.273346 4.259623
1.726359 1.522205 4.760802
0.198608 0.354343 3.086487
-0.922773 0.471798 1.031512
0.539915 0.320029 2.851059
1.825883 -1.169254 4.301051
1.623411 0.672025 1.705465
1.073314 0.951624 1.898345
1.352981 0.712644 3.983237
-1.589016 0.254574 3.066065
1.279514 -0.595154 2.324403
0.828941 -1.758218 6.010185
1.132396 -0.432308 4.705678
1.362521 1.259593 4.210101
0.137158 0.879740 3.393762
-0.145481 -0.387974 3.248241
1.869824 -0.952648 5.535573
0.734690 -1.146091 2.570316
0.951554 -1.130927 4.419301
1.931272 -0.228078 4.035464
1.133407 -0.234436 3.960196
2.059093 -0.888733 3.580417
1.798603 -1.032257 5.153020
1.074786 -0.015731 4.637751
1.247661 0.366099 1.923724
0.478676 0.025365 4.002663
2.772636 1.962735 3.454389
1.940877 -0.238042 1.237268
2.503869 0.042947 2.486770
3.384860 -1.849784 3.322777
2.443567 -0.688676 2.617365
3.730701 0.737589 2.425756
1.089255 -0.931380 3.330669
1.781952 1.853531 0.563095
1.764755 -1.498773 0.933772
2.811407 -1.205653 2.907726
2.587447 0.340510 1.350479
3.106847 -1.382348 2.446480
2.735903 -2.493734 2.706789
2.478511 0.490082 2.607735
2.923986 -1.237520 3.334621
3.566915 -0.501533 3.169951
3.325322 -0.380862 4.071242
0.745778 1.210142 2.889813
1.168343 0.055515 4.157408
0.275203 0.089108 3.932775
2.862058 -1.105921 1.147587
4.672440 0.147719 1.949997
2.699862 -0.031705 2.517124
3.224496 0.942805 2.038251
2.804981 -0.679982 3.621085
4.196533 1.849828 2.147920
1.484876 0.939384 1.810467
1.884137 0.154552 1.456695
2.374819 0.054990 1.890864
2.641460 -0.932076 2.058377
2.599814 0.662563 0.087502
2.378223 0.378572 3.083157
1.888069 1.017611 2.023214
1.562873 -0.045432 3.794417
1.377430 0.905748 3.329867
3.559866 -0.709243 0.911771
0.607067 -1.554926 2.899280
3.194117 -0.970430 1.271734
3.097535 1.544892 1.281193
3.197010 0.766962 1.748609
1.956980 -0.796781 2.620279
2.516666 0.930479 1.500549
3.709057 0.666171 2.906196
2.215289 -1.541270 3.495370
2.063227 0.599355 0.802505
5.002764 1.135555 2.714588
4.625062 -1.145503 2.626623
4.377612 -0.681078 2.597126
3.975355 0.833842 2.406980
3.377767 2.084958 2.615189
4.679546 -0.431533 1.221722
5.120943 -0.383457 2.830087
2.873615 0.547240 2.690265
5.573721 -0.298877 1.997011
1.774272 -0.903537 2.796024
1.973846 -1.304138 1.827489
2.933670 -1.763615 1.712979
3.011837 1.913903 2.738489
4.080798 0.444496 1.863244
4.127759 0.264360 0.678254
2.404779 0.496712 4.613490
2.946466 -1.127097 5.251513
5.639991 0.382355 4.270978
6.088680 -0.307154 4.270398
3.608006 0.594703 3.684679
2.126094 -0.586380 3.376590
3.724164 -0.780140 4.510941
4.295298 -0.942737 4.063053
6.370567 -0.299863 3.916679
5.366238 -0.657045 4.395838
3.394041 -0.450550 3.290480
2.496692 0.836770 3.216482
3.184192 1.222379 4.627664
2.491892 -0.418290 4.049306
5.041917 1.799375 2.198505
3.328090 0.775168 3.133852
3.496812 1.746912 1.851090
2.885330 -1.092050 4.661957
4.375698 -0.710290 4.403824
2.904820 1.063217 4.094156
4.734526 1.419976 5.370491
3.460634 0.801270 4.786934
3.682065 -0.452840 3.685495
4.051586 -0.314091 5.823778
5.269699 0.450112 5.119607
4.836292 -0.494582 3.492424
3.907585 1.142707 5.060624
5.204876 0.446417 3.633237
4.174329 1.544775 3.035057
3.535356 -0.217490 4.046516
5.133838 -0.323760 4.438992
4.327579 1.869912 5.679839
3.202257 -1.547671 4.158892
3.102436 -0.918952 4.482002
3.169178 0.878640 4.737643
5.038339 1.255834 3.030812
4.803507 -1.237581 4.108658
4.252438 0.875022 3.970240
3.896589 0.783255 3.763522
4.423367 1.223226 3.091014
4.021177 -0.233354 3.712705
4.672194 -1.036524 2.669586
4.587880 -0.525300 1.975074
6.536702 -0.731565 5.590812
4.485469 -0.902309 3.577915
5.168686 0.106546 3.709422
4.565066 -0.313375 2.544270
6.574216 1.072420 4.378456
6.483070 -0.704891 2.675743
4.583464 0.725995 4.663774
5.780387 -0.984739 1.264267
4.534127 1.757503 4.269869
6.009722 0.154285 3.724577
7.278385 -0.033240 4.064044
4.821789 -0.202709 3.473513
4.326818 -0.480875 1.292155
3.949302 -0.692898 2.630404
6.228026 -0.289938 6.435882
5.674638 1.074440 4.519662
6.093197 0.549072 2.886526
