-0.090081 0.015059 0.048252 0.000000 0.473227 0.000000
-0.197041 -0.077249 -1.991357 0.000000 -0.198989 0.000000
-1.623301 -0.212755 -2.550013 0.000000 0.815196 0.000000
-0.642585 -0.015001 -3.830968 0.000000 -0.520052 0.000000
-4.221258 0.072239 0.142605 0.000000 1.913287 0.000000
-2.946866 -0.151240 -2.078907 0.000000 0.149941 0.000000
-2.693311 -0.139353 -3.300505 0.000000 -0.540645 0.000000
5.844971 0.145465 -5.918073 0.000000 -3.105508 0.000000
-2.018819 0.020285 -5.864541 0.000000 -0.793235 0.000000
-3.359756 0.011333 -5.388259 0.000000 -0.793235 0.000000
